 1	 1
 0.2909828213	 0.2909828213
 0.1616343488	 0.1616343488
 0.1119340599	 0.1119340599
 0.09086763849	 0.09086763849
 0.08547037228	 0.08547037228
 0.08537549796	 0.08537549796
 0.07844401792	 0.07844401792
 0.06325035142	 0.06325035142
 0.05044880426	 0.05044880426
 0.04112849664	 0.04112849664
 0.03205443899	 0.03205443899
 0.02529419196	 0.02529419196
 0.02023149657	 0.02023149657
 0.01751064152	 0.01751064152
 0.01503451126	 0.01503451126
 0.01314970253	 0.01314970253
 0.0123133762	 0.0123133762
 0.01147187598	 0.01147187598
 0.01184593283	 0.01184593283
 0.01111043637	 0.01111043637
 0.01019246171	 0.01019246171
 0.00929548907	 0.00929548907
 0.008403589786	 0.008403589786
 0.007737560101	 0.007737560101
 0.007112555773	 0.007112555773
 0.006670171066	 0.006670171066
 0.006148028646	 0.006148028646
 0.005681507937	 0.005681507937
 0.005329744124	 0.005329744124
 0.004971896064	 0.004971896064
 0.004613656346	 0.004613656346
 0.00458491638	 0.00458491638
 0.004384054902	 0.004384054902
 0.004088201641	 0.004088201641
 0.003859043154	 0.003859043154
 0.003681052355	 0.003681052355
 0.003514134448	 0.003514134448
 0.003465240902	 0.003465240902
 0.003359912707	 0.003359912707
 0.003259688658	 0.003259688658
 0.00320700072	 0.00320700072
 0.003114541266	 0.003114541266
 0.003034513019	 0.003034513019
 0.002953843714	 0.002953843714
 0.002910425632	 0.002910425632
 0.002842232162	 0.002842232162
 0.002804513705	 0.002804513705
 0.002813510754	 0.002813510754
 0.002833454613	 0.002833454613
 0.002781223172	 0.002781223172
 0.002817079203	 0.002817079203
 0.002795509085	 0.002795509085
 0.002776583328	 0.002776583328
 0.00282760051	 0.00282760051
 0.002855025897	 0.002855025897
 0.002896351784	 0.002896351784
 0.002901561979	 0.002901561979
 0.002906342642	 0.002906342642
 0.002936228525	 0.002936228525
 0.002969838352	 0.002969838352
 0.002987055491	 0.002987055491
 0.003048921036	 0.003048921036
 0.003079785083	 0.003079785083
 0.003107170754	 0.003107170754
 0.003145503077	 0.003145503077
 0.003193098364	 0.003193098364
 0.003224932668	 0.003224932668
 0.003262044191	 0.003262044191
 0.003299615905	 0.003299615905
 0.003346347353	 0.003346347353
 0.003381833298	 0.003381833298
 0.003425307714	 0.003425307714
 0.003451513087	 0.003451513087
 0.003463796831	 0.003463796831
 0.003506295365	 0.003506295365
 0.00353840039	 0.00353840039
 0.003572603323	 0.003572603323
 0.003609014014	 0.003609014014
 0.003655835234	 0.003655835234
 0.003696438915	 0.003696438915
 0.003739270336	 0.003739270336
 0.003756371659	 0.003756371659
 0.003799948979	 0.003799948979
 0.003855479058	 0.003855479058
 0.003899351167	 0.003899351167
 0.003952721868	 0.003952721868
 0.003998442513	 0.003998442513
 0.004055155138	 0.004055155138
 0.004109057012	 0.004109057012
 0.004160633133	 0.004160633133
 0.00420302557	 0.00420302557
 0.004258737944	 0.004258737944
 0.004308753419	 0.004308753419
 0.004348321755	 0.004348321755
 0.004384539229	 0.004384539229
 0.004421700506	 0.004421700506
 0.00444274041	 0.00444274041
 0.004453702568	 0.004453702568
 0.004474947226	 0.004474947226
 0.004486647322	 0.004486647322
 0.004519936725	 0.004519936725
 0.004539688009	 0.004539688009
 0.004535640486	 0.004535640486
 0.004537781116	 0.004537781116
 0.004535663795	 0.004535663795
 0.004523937115	 0.004523937115
 0.004518971011	 0.004518971011
 0.004516681423	 0.004516681423
 0.004504438535	 0.004504438535
 0.004489616447	 0.004489616447
 0.004486429213	 0.004486429213
 0.004474909765	 0.004474909765
 0.004463537551	 0.004463537551
 0.004452451628	 0.004452451628
 0.00444360326	 0.00444360326
 0.004434605459	 0.004434605459
 0.004431875146	 0.004431875146
 0.004421763885	 0.004421763885
 0.004416562355	 0.004416562355
 0.0044161866	 0.0044161866
 0.004406184415	 0.004406184415
 0.004405341131	 0.004405341131
 0.004413990666	 0.004413990666
 0.004407637249	 0.004407637249
 0.004393275158	 0.004393275158
 0.004387605839	 0.004387605839
 0.004382667843	 0.004382667843
 0.004384356137	 0.004384356137
 0.004376877257	 0.004376877257
 0.004364985306	 0.004364985306
 0.004355183322	 0.004355183322
 0.004353062403	 0.004353062403
 0.004343912696	 0.004343912696
 0.004323857755	 0.004323857755
 0.004312187132	 0.004312187132
 0.004305546339	 0.004305546339
 0.004288429472	 0.004288429472
 0.004275596294	 0.004275596294
 0.00426348423	 0.00426348423
 0.004250460571	 0.004250460571
 0.004239235935	 0.004239235935
 0.004232889648	 0.004232889648
 0.004227284595	 0.004227284595
 0.004229368733	 0.004229368733
 0.004223381815	 0.004223381815
 0.004215160183	 0.004215160183
 0.004226387916	 0.004226387916
 0.004216582288	 0.004216582288
 0.00420702855	 0.00420702855
 0.004208616991	 0.004208616991
 0.004202410747	 0.004202410747
 0.004214156364	 0.004214156364
 0.004209412036	 0.004209412036
 0.004205237743	 0.004205237743
 0.00419635094	 0.00419635094
 0.004190458908	 0.004190458908
 0.004180585041	 0.004180585041
 0.004185195418	 0.004185195418
 0.00417439935	 0.00417439935
 0.004164322317	 0.004164322317
 0.004153458904	 0.004153458904
 0.004153745256	 0.004153745256
 0.004146684175	 0.004146684175
 0.004138000728	 0.004138000728
 0.004123947814	 0.004123947814
 0.004107746433	 0.004107746433
 0.004093647723	 0.004093647723
 0.004081635694	 0.004081635694
 0.004071186194	 0.004071186194
 0.004059718558	 0.004059718558
 0.004045106388	 0.004045106388
 0.004030909654	 0.004030909654
 0.004017448415	 0.004017448415
 0.004010967211	 0.004010967211
 0.003995310313	 0.003995310313
 0.00397773489	 0.00397773489
 0.003975306086	 0.003975306086
 0.003958848147	 0.003958848147
 0.003945506043	 0.003945506043
 0.003940632068	 0.003940632068
 0.003926902809	 0.003926902809
 0.003916289934	 0.003916289934
 0.003904157618	 0.003904157618
 0.003898826965	 0.003898826965
 0.00388764986	 0.00388764986
 0.003879321781	 0.003879321781
 0.003867330902	 0.003867330902
 0.003855831373	 0.003855831373
 0.003850145648	 0.003850145648
 0.003836543567	 0.003836543567
 0.003830132413	 0.003830132413
 0.003818862014	 0.003818862014
 0.003809174892	 0.003809174892
 0.003798769812	 0.003798769812
 0.003788282156	 0.003788282156
 0.003774083318	 0.003774083318
 0.003755485614	 0.003755485614
 0.003741240507	 0.003741240507
 0.00374392528	 0.00374392528
 0.003728494201	 0.003728494201
 0.003713958669	 0.003713958669
 0.003700725704	 0.003700725704
 0.003688863232	 0.003688863232
 0.003679061757	 0.003679061757
 0.00366599763	 0.00366599763
 0.003658380401	 0.003658380401
 0.003647845751	 0.003647845751
 0.003639439578	 0.003639439578
 0.003626062817	 0.003626062817
 0.003619032352	 0.003619032352
 0.0036023024	 0.0036023024
 0.00359179231	 0.00359179231
 0.003579924501	 0.003579924501
 0.003569908692	 0.003569908692
 0.003559339657	 0.003559339657
 0.003550389535	 0.003550389535
 0.003533673099	 0.003533673099
 0.003529837459	 0.003529837459
 0.0035145221	 0.0035145221
 0.00349971166	 0.00349971166
 0.003492434859	 0.003492434859
 0.003476657343	 0.003476657343
 0.003470237567	 0.003470237567
 0.003459697424	 0.003459697424
 0.003448029614	 0.003448029614
 0.003438016219	 0.003438016219
 0.003425534095	 0.003425534095
 0.003433448277	 0.003433448277
 0.003412120497	 0.003412120497
 0.003393977204	 0.003393977204
 0.003387006468	 0.003387006468
 0.003372938321	 0.003372938321
 0.003368564693	 0.003368564693
 0.003362303746	 0.003362303746
 0.003349123448	 0.003349123448
 0.003336663948	 0.003336663948
 0.003323240882	 0.003323240882
 0.003316750281	 0.003316750281
 0.003301663014	 0.003301663014
 0.003292459609	 0.003292459609
 0.003293678274	 0.003293678274
 0.003289815088	 0.003289815088
 0.003293373741	 0.003293373741
 0.003288749487	 0.003288749487
 0.003286475707	 0.003286475707
 0.003291064726	 0.003291064726
 0.003285817458	 0.003285817458
 0.003293036809	 0.003293036809
 0.003288762036	 0.003288762036
 0.00329248117	 0.00329248117
 0.003296566195	 0.003296566195
 0.003305518073	 0.003305518073
 0.00330151428	 0.00330151428
 0.003302158218	 0.003302158218
 0.003304328827	 0.003304328827
 0.003310401932	 0.003310401932
 0.003321369993	 0.003321369993
 0.003333764031	 0.003333764031
 0.003330335199	 0.003330335199
 0.003333207653	 0.003333207653
 0.003340471246	 0.003340471246
 0.003336035938	 0.003336035938
 0.003337796367	 0.003337796367
 0.003343162287	 0.003343162287
 0.003340993177	 0.003340993177
 0.003340331398	 0.003340331398
 0.003344412315	 0.003344412315
 0.003341985039	 0.003341985039
 0.003343108521	 0.003343108521
 0.003342731809	 0.003342731809
 0.003341231437	 0.003341231437
 0.003347057566	 0.003347057566
 0.003348130219	 0.003348130219
 0.003345772172	 0.003345772172
 0.003344762222	 0.003344762222
 0.003346443299	 0.003346443299
 0.003347488221	 0.003347488221
 0.003338935599	 0.003338935599
 0.003334002174	 0.003334002174
 0.003329272606	 0.003329272606
 0.003328569415	 0.003328569415
 0.003330094702	 0.003330094702
 0.003320650857	 0.003320650857
 0.003317583022	 0.003317583022
 0.003311457236	 0.003311457236
 0.003302828036	 0.003302828036
 0.003295467931	 0.003295467931
 0.003286848087	 0.003286848087
 0.003281883033	 0.003281883033
 0.003273604936	 0.003273604936
 0.003268781476	 0.003268781476
 0.003259058541	 0.003259058541
 0.003250250909	 0.003250250909
 0.003241224279	 0.003241224279
 0.003229042383	 0.003229042383
 0.00322058979	 0.00322058979
 0.00321739724	 0.00321739724
 0.003209505719	 0.003209505719
 0.003198420852	 0.003198420852
 0.003196239959	 0.003196239959
 0.003190142553	 0.003190142553
 0.003177387603	 0.003177387603
 0.003166069615	 0.003166069615
 0.003162508579	 0.003162508579
 0.003155178668	 0.003155178668
 0.003151661959	 0.003151661959
 0.003152897176	 0.003152897176
 0.003163538095	 0.003163538095
 0.003170388399	 0.003170388399
 0.00317613528	 0.00317613528
 0.003174533691	 0.003174533691
 0.003180869653	 0.003180869653
 0.003178068047	 0.003178068047
 0.0031724097	 0.0031724097
 0.003172444544	 0.003172444544
 0.003168460984	 0.003168460984
 0.003166475017	 0.003166475017
 0.003168373725	 0.003168373725
 0.003171671047	 0.003171671047
 0.003179135821	 0.003179135821
 0.003173548722	 0.003173548722
 0.003177583729	 0.003177583729
 0.00317599327	 0.00317599327
 0.00318951718	 0.00318951718
 0.0031843664	 0.0031843664
 0.003194537744	 0.003194537744
 0.003196832101	 0.003196832101
 0.00319695231	 0.00319695231
 0.003201228356	 0.003201228356
 0.003201650039	 0.003201650039
 0.00320376231	 0.00320376231
 0.003211151751	 0.003211151751
 0.003214244345	 0.003214244345
 0.003210850087	 0.003210850087
 0.003215123614	 0.003215123614
 0.003209328045	 0.003209328045
 0.003208998932	 0.003208998932
 0.003207613928	 0.003207613928
 0.003215558954	 0.003215558954
 0.003207283629	 0.003207283629
 0.003203583116	 0.003203583116
 0.003202057047	 0.003202057047
 0.003200291442	 0.003200291442
 0.003195221461	 0.003195221461
 0.003194576415	 0.003194576415
 0.00318736217	 0.00318736217
 0.00318716737	 0.00318716737
 0.003187928707	 0.003187928707
 0.00318013833	 0.00318013833
 0.003176339194	 0.003176339194
 0.00317466634	 0.00317466634
 0.003170248413	 0.003170248413
 0.003166476547	 0.003166476547
 0.003164186116	 0.003164186116
 0.00315552075	 0.00315552075
 0.003148890072	 0.003148890072
 0.003148293907	 0.003148293907
 0.003148513817	 0.003148513817
 0.00313586827	 0.00313586827
 0.003131494776	 0.003131494776
 0.003129076162	 0.003129076162
 0.00312687986	 0.00312687986
 0.003120262779	 0.003120262779
 0.003113715891	 0.003113715891
 0.003112933464	 0.003112933464
 0.00310657089	 0.00310657089
 0.003097228716	 0.003097228716
 0.00309868281	 0.00309868281
 0.003096060244	 0.003096060244
 0.003084957726	 0.003084957726
 0.003081706716	 0.003081706716
 0.003076509942	 0.003076509942
 0.003072032526	 0.003072032526
 0.00306219736	 0.00306219736
 0.003053268856	 0.003053268856
 0.003047755043	 0.003047755043
 0.003038516379	 0.003038516379
 0.003034258991	 0.003034258991
 0.003025352206	 0.003025352206
 0.00302346222	 0.00302346222
 0.003015598459	 0.003015598459
 0.003007983158	 0.003007983158
 0.0029983057	 0.0029983057
 0.002988795592	 0.002988795592
 0.002976545029	 0.002976545029
 0.002972999657	 0.002972999657
 0.002972437299	 0.002972437299
 0.002968653105	 0.002968653105
 0.002954129108	 0.002954129108
 0.002949262997	 0.002949262997
 0.002942951765	 0.002942951765
 0.002939084963	 0.002939084963
 0.002935007167	 0.002935007167
 0.002936055528	 0.002936055528
 0.002930019829	 0.002930019829
 0.002921612285	 0.002921612285
 0.002917106794	 0.002917106794
 0.002921283042	 0.002921283042
 0.002921114869	 0.002921114869
 0.002922223328	 0.002922223328
 0.002926833506	 0.002926833506
 0.002928979375	 0.002928979375
 0.002925968858	 0.002925968858
 0.002935727581	 0.002935727581
 0.002936871315	 0.002936871315
 0.002942687241	 0.002942687241
 0.002943948858	 0.002943948858
 0.00294804967	 0.00294804967
 0.002955089735	 0.002955089735
 0.002955957277	 0.002955957277
 0.002964412363	 0.002964412363
 0.002970756496	 0.002970756496
 0.002971034497	 0.002971034497
 0.002978450794	 0.002978450794
 0.002986820166	 0.002986820166
 0.002990621265	 0.002990621265
 0.002991163768	 0.002991163768
 0.002998300287	 0.002998300287
 0.003002160262	 0.003002160262
 0.003006568573	 0.003006568573
 0.00300759155	 0.00300759155
 0.003019153029	 0.003019153029
 0.003021569646	 0.003021569646
 0.003028083932	 0.003028083932
 0.003036523208	 0.003036523208
 0.00304362625	 0.00304362625
 0.003043388279	 0.003043388279
 0.003045905713	 0.003045905713
 0.003056817867	 0.003056817867
 0.003069493166	 0.003069493166
 0.003066920129	 0.003066920129
 0.003075985115	 0.003075985115
 0.003080391021	 0.003080391021
 0.003090256885	 0.003090256885
 0.00309082009	 0.00309082009
 0.003093967007	 0.003093967007
 0.003104173823	 0.003104173823
 0.003118675182	 0.003118675182
 0.003109437829	 0.003109437829
 0.003114089549	 0.003114089549
 0.003129991901	 0.003129991901
 0.003131751809	 0.003131751809
 0.003127826672	 0.003127826672
 0.003136245501	 0.003136245501
 0.003138314548	 0.003138314548
 0.003143842765	 0.003143842765
 0.00314741335	 0.00314741335
 0.003148039491	 0.003148039491
 0.00314135607	 0.00314135607
 0.003150255738	 0.003150255738
 0.003155420406	 0.003155420406
 0.003149570891	 0.003149570891
 0.003148804411	 0.003148804411
 0.003163718791	 0.003163718791
 0.003150997898	 0.003150997898
 0.003150991357	 0.003150991357
 0.003154796397	 0.003154796397
 0.003162540117	 0.003162540117
 0.00315563679	 0.00315563679
 0.003152602545	 0.003152602545
 0.003154805476	 0.003154805476
 0.003164583196	 0.003164583196
 0.003157805372	 0.003157805372
 0.003159699389	 0.003159699389
 0.00316320284	 0.00316320284
 0.003168696592	 0.003168696592
 0.003169964566	 0.003169964566
 0.003172731621	 0.003172731621
 0.003176279519	 0.003176279519
 0.003186597857	 0.003186597857
 0.003199043261	 0.003199043261
 0.003195825016	 0.003195825016
 0.003201201757	 0.003201201757
 0.003213696379	 0.003213696379
 0.003221482532	 0.003221482532
 0.003225308493	 0.003225308493
 0.003229194073	 0.003229194073
 0.003244247698	 0.003244247698
 0.003248027815	 0.003248027815
 0.003247899455	 0.003247899455
 0.00325344565	 0.00325344565
 0.003266551118	 0.003266551118
 0.003271966195	 0.003271966195
 0.003274185578	 0.003274185578
 0.003284276719	 0.003284276719
 0.003283107876	 0.003283107876
 0.003281768445	 0.003281768445
 0.003292854547	 0.003292854547
 0.003292957005	 0.003292957005
 0.003292560903	 0.003292560903
 0.003299157041	 0.003299157041
 0.003300129164	 0.003300129164
 0.003298997912	 0.003298997912
 0.00330143615	 0.00330143615
 0.003304127662	 0.003304127662
 0.003296910049	 0.003296910049
 0.003300365906	 0.003300365906
 0.003297734165	 0.003297734165
 0.003301516962	 0.003301516962
 0.003297290709	 0.003297290709
 0.003297542095	 0.003297542095
 0.003292347311	 0.003292347311
 0.003296592561	 0.003296592561
 0.003288424103	 0.003288424103
 0.003289283405	 0.003289283405
 0.003284588298	 0.003284588298
 0.003283346662	 0.003283346662
 0.003278080151	 0.003278080151
 0.003282410128	 0.003282410128
 0.003274860872	 0.003274860872
 0.003266426781	 0.003266426781
 0.003270667659	 0.003270667659
 0.003266569853	 0.003266569853
 0.003262396998	 0.003262396998
 0.00326118045	 0.00326118045
 0.003256801714	 0.003256801714
 0.003256489641	 0.003256489641
 0.003252246883	 0.003252246883
 0.003247196827	 0.003247196827
 0.003249946021	 0.003249946021
 0.00324463998	 0.00324463998
 0.003246274849	 0.003246274849
 0.003239032826	 0.003239032826
 0.003238493879	 0.003238493879
 0.003235721191	 0.003235721191
 0.003234229075	 0.003234229075
 0.003223251112	 0.003223251112
 0.003229794324	 0.003229794324
 0.003221871712	 0.003221871712
 0.003218300913	 0.003218300913
 0.00321387441	 0.00321387441
 0.00321379602	 0.00321379602
 0.003211743641	 0.003211743641
 0.003205280113	 0.003205280113
 0.003198471389	 0.003198471389
 0.003203279497	 0.003203279497
 0.003190699472	 0.003190699472
 0.003184474568	 0.003184474568
 0.003187134993	 0.003187134993
 0.003178794034	 0.003178794034
 0.003172242374	 0.003172242374
 0.003167725416	 0.003167725416
 0.003165000506	 0.003165000506
 0.003156896444	 0.003156896444
 0.003153328866	 0.003153328866
 0.003154546987	 0.003154546987
 0.003144065525	 0.003144065525
 0.003140077852	 0.003140077852
 0.003146120466	 0.003146120466
 0.003129097241	 0.003129097241
 0.003131940024	 0.003131940024
 0.003131606716	 0.003131606716
 0.003122710683	 0.003122710683
 0.003120012773	 0.003120012773
 0.003125604972	 0.003125604972
 0.003116416844	 0.003116416844
 0.003106496309	 0.003106496309
 0.003104773959	 0.003104773959
 0.00310328808	 0.00310328808
 0.003112990108	 0.003112990108
 0.003103911551	 0.003103911551
 0.003100639236	 0.003100639236
 0.003103412222	 0.003103412222
 0.003098354346	 0.003098354346
 0.003103608338	 0.003103608338
 0.003094139135	 0.003094139135
 0.003097608955	 0.003097608955
 0.003097989825	 0.003097989825
 0.003092107209	 0.003092107209
 0.003096390671	 0.003096390671
 0.00310522838	 0.00310522838
 0.003097264152	 0.003097264152
 0.003097512682	 0.003097512682
 0.003094623154	 0.003094623154
 0.003099689159	 0.003099689159
 0.003098019521	 0.003098019521
 0.003095819397	 0.003095819397
 0.003088197295	 0.003088197295
 0.003091864006	 0.003091864006
 0.003089237956	 0.003089237956
 0.003087215771	 0.003087215771
 0.00308415814	 0.00308415814
 0.003077413262	 0.003077413262
 0.003072956047	 0.003072956047
 0.003077400623	 0.003077400623
 0.003071583382	 0.003071583382
 0.003058092337	 0.003058092337
 0.003058428517	 0.003058428517
 0.003055899907	 0.003055899907
 0.003048411276	 0.003048411276
 0.003044144823	 0.003044144823
 0.00303836753	 0.00303836753
 0.003026025897	 0.003026025897
 0.003021226818	 0.003021226818
 0.003016464828	 0.003016464828
 0.003013536325	 0.003013536325
 0.003004848405	 0.003004848405
 0.002997358814	 0.002997358814
 0.002994736596	 0.002994736596
 0.002990821033	 0.002990821033
 0.002979575521	 0.002979575521
 0.002975816807	 0.002975816807
 0.002974274043	 0.002974274043
 0.002968062525	 0.002968062525
 0.00296212921	 0.00296212921
 0.002958158861	 0.002958158861
 0.002952847918	 0.002952847918
 0.002953908645	 0.002953908645
 0.002951410838	 0.002951410838
 0.002941569947	 0.002941569947
 0.002943777299	 0.002943777299
 0.002943655817	 0.002943655817
 0.002938281837	 0.002938281837
 0.002938047675	 0.002938047675
 0.002937910196	 0.002937910196
 0.002933111301	 0.002933111301
 0.002930954188	 0.002930954188
 0.002929995161	 0.002929995161
 0.002927881043	 0.002927881043
 0.002927933473	 0.002927933473
 0.002923005454	 0.002923005454
 0.002921353597	 0.002921353597
 0.002920181914	 0.002920181914
 0.002919995633	 0.002919995633
 0.002918853059	 0.002918853059
 0.002917450387	 0.002917450387
 0.002919764712	 0.002919764712
 0.002917632992	 0.002917632992
 0.002921165306	 0.002921165306
 0.002918400177	 0.002918400177
 0.002919300387	 0.002919300387
 0.00292046833	 0.00292046833
 0.002925136656	 0.002925136656
 0.00292182066	 0.00292182066
 0.002924905152	 0.002924905152
 0.002923249668	 0.002923249668
 0.002923850757	 0.002923850757
 0.002925069554	 0.002925069554
 0.002925298556	 0.002925298556
 0.002924323925	 0.002924323925
 0.002923926305	 0.002923926305
 0.002922880305	 0.002922880305
 0.002920699689	 0.002920699689
 0.00292204817	 0.00292204817
 0.002920742732	 0.002920742732
 0.00292116215	 0.00292116215
 0.002916269805	 0.002916269805
 0.002915866129	 0.002915866129
 0.002915838381	 0.002915838381
 0.002911503544	 0.002911503544
 0.002908860187	 0.002908860187
 0.002909591427	 0.002909591427
 0.002908424955	 0.002908424955
 0.002903383666	 0.002903383666
 0.002902312575	 0.002902312575
 0.002898777993	 0.002898777993
 0.002896536334	 0.002896536334
 0.002896273519	 0.002896273519
 0.00289076075	 0.00289076075
 0.002891762028	 0.002891762028
 0.00288772928	 0.00288772928
 0.002884656742	 0.002884656742
 0.002884549319	 0.002884549319
 0.002881787303	 0.002881787303
 0.002877641716	 0.002877641716
 0.002876662809	 0.002876662809
 0.002872970375	 0.002872970375
 0.002873928727	 0.002873928727
 0.002867812833	 0.002867812833
 0.002867012707	 0.002867012707
 0.002868820917	 0.002868820917
 0.002866829372	 0.002866829372
 0.002861331972	 0.002861331972
 0.002862593292	 0.002862593292
 0.002857038465	 0.002857038465
 0.002855505873	 0.002855505873
 0.002851402437	 0.002851402437
 0.00285425536	 0.00285425536
 0.002845817203	 0.002845817203
 0.002844876925	 0.002844876925
 0.002843796802	 0.002843796802
 0.002847208125	 0.002847208125
 0.002835328997	 0.002835328997
 0.002840084355	 0.002840084355
 0.002833558303	 0.002833558303
 0.002836838229	 0.002836838229
 0.002834190346	 0.002834190346
 0.002827901034	 0.002827901034
 0.002829330129	 0.002829330129
 0.002832326677	 0.002832326677
 0.002830761798	 0.002830761798
 0.002834379901	 0.002834379901
 0.002828213849	 0.002828213849
 0.002830311305	 0.002830311305
 0.002834352317	 0.002834352317
 0.002836997602	 0.002836997602
 0.002836611504	 0.002836611504
 0.002834964633	 0.002834964633
 0.002836102714	 0.002836102714
 0.002835505236	 0.002835505236
 0.002836451139	 0.002836451139
 0.002853659119	 0.002853659119
 0.002850751727	 0.002850751727
 0.002850314877	 0.002850314877
 0.002850001654	 0.002850001654
 0.002862739558	 0.002862739558
 0.00286406959	 0.00286406959
 0.002862877751	 0.002862877751
 0.002867273229	 0.002867273229
 0.002873507588	 0.002873507588
 0.002880338337	 0.002880338337
 0.002884733342	 0.002884733342
 0.002895703467	 0.002895703467
 0.002898736402	 0.002898736402
 0.002896723795	 0.002896723795
 0.002910136877	 0.002910136877
 0.002909271057	 0.002909271057
 0.002913604765	 0.002913604765
 0.002918585666	 0.002918585666
 0.002925369329	 0.002925369329
 0.002918136172	 0.002918136172
 0.002923493676	 0.002923493676
 0.002919870338	 0.002919870338
 0.002922111466	 0.002922111466
 0.00292948703	 0.00292948703
 0.002924214836	 0.002924214836
 0.002920480959	 0.002920480959
 0.00292337406	 0.00292337406
 0.002917233412	 0.002917233412
 0.002920998691	 0.002920998691
 0.00292120595	 0.00292120595
 0.002914704867	 0.002914704867
 0.002909739307	 0.002909739307
 0.002913682242	 0.002913682242
 0.002911664366	 0.002911664366
 0.002910802516	 0.002910802516
 0.002912702363	 0.002912702363
 0.002906772287	 0.002906772287
 0.002911596179	 0.002911596179
 0.00290129299	 0.00290129299
 0.002900888901	 0.002900888901
 0.00290066316	 0.00290066316
 0.002894784064	 0.002894784064
 0.002897098298	 0.002897098298
 0.002897331419	 0.002897331419
 0.002888645195	 0.002888645195
 0.002889987085	 0.002889987085
 0.002886041246	 0.002886041246
 0.002888034703	 0.002888034703
 0.002890519155	 0.002890519155
 0.002888323959	 0.002888323959
 0.002886667472	 0.002886667472
 0.002888566237	 0.002888566237
 0.002889771094	 0.002889771094
 0.002888315173	 0.002888315173
 0.002890685881	 0.002890685881
 0.002890671614	 0.002890671614
 0.002891060556	 0.002891060556
 0.002892623848	 0.002892623848
 0.002895124116	 0.002895124116
 0.002893809787	 0.002893809787
 0.002896527256	 0.002896527256
 0.002896952362	 0.002896952362
 0.00289774339	 0.00289774339
 0.00290050214	 0.00290050214
 0.002903224511	 0.002903224511
 0.002904741623	 0.002904741623
 0.002908047913	 0.002908047913
 0.002908594712	 0.002908594712
 0.002908690909	 0.002908690909
 0.002914960752	 0.002914960752
 0.002914342443	 0.002914342443
 0.002917952357	 0.002917952357
 0.00292001166	 0.00292001166
 0.002919989794	 0.002919989794
 0.002922529845	 0.002922529845
 0.002924203581	 0.002924203581
 0.002923108871	 0.002923108871
 0.002925366187	 0.002925366187
 0.002926425865	 0.002926425865
 0.002922210219	 0.002922210219
 0.002924811769	 0.002924811769
 0.002926753344	 0.002926753344
 0.002924217424	 0.002924217424
 0.002927281147	 0.002927281147
 0.002927804851	 0.002927804851
 0.002925712613	 0.002925712613
 0.002925383436	 0.002925383436
 0.002929548413	 0.002929548413
 0.002927551146	 0.002927551146
 0.002928107624	 0.002928107624
 0.002934652809	 0.002934652809
 0.002931244973	 0.002931244973
 0.002931781274	 0.002931781274
 0.002935102253	 0.002935102253
 0.002941653305	 0.002941653305
 0.002936692268	 0.002936692268
 0.002938446522	 0.002938446522
 0.002939008316	 0.002939008316
 0.002942511817	 0.002942511817
 0.002944676887	 0.002944676887
 0.002940112393	 0.002940112393
 0.002947556392	 0.002947556392
 0.002947782617	 0.002947782617
 0.002942563875	 0.002942563875
 0.002940390574	 0.002940390574
 0.00295068843	 0.00295068843
 0.002941559512	 0.002941559512
 0.002939439376	 0.002939439376
 0.002940627758	 0.002940627758
 0.002947098434	 0.002947098434
 0.002938158182	 0.002938158182
 0.002936543232	 0.002936543232
 0.002937044612	 0.002937044612
 0.002937605615	 0.002937605615
 0.002930592568	 0.002930592568
 0.002928071315	 0.002928071315
 0.002931471234	 0.002931471234
 0.002929215738	 0.002929215738
 0.00292437841	 0.00292437841
 0.00292161173	 0.00292161173
 0.002929154562	 0.002929154562
 0.002924706341	 0.002924706341
 0.00292043073	 0.00292043073
 0.002927707507	 0.002927707507
 0.002928742578	 0.002928742578
 0.002926164922	 0.002926164922
 0.002927621097	 0.002927621097
 0.002928703816	 0.002928703816
 0.002933571827	 0.002933571827
 0.00293467466	 0.00293467466
 0.002934078652	 0.002934078652
 0.002935404007	 0.002935404007
 0.002941220863	 0.002941220863
 0.002944179405	 0.002944179405
 0.00294760395	 0.00294760395
 0.002946595945	 0.002946595945
 0.002953811541	 0.002953811541
 0.00295558917	 0.00295558917
 0.00296162267	 0.00296162267
 0.002964186999	 0.002964186999
 0.002970643416	 0.002970643416
 0.002978991524	 0.002978991524
 0.002982848165	 0.002982848165
 0.00298388829	 0.00298388829
 0.002990923323	 0.002990923323
 0.002998953185	 0.002998953185
 0.003000175728	 0.003000175728
 0.003012679599	 0.003012679599
 0.003012918227	 0.003012918227
 0.00301838791	 0.00301838791
 0.003020499983	 0.003020499983
 0.003021982664	 0.003021982664
 0.003027665115	 0.003027665115
 0.003030121363	 0.003030121363
 0.003036924548	 0.003036924548
 0.003040021656	 0.003040021656
 0.003042556225	 0.003042556225
 0.003040539882	 0.003040539882
 0.003042947427	 0.003042947427
 0.003045423067	 0.003045423067
 0.003045077637	 0.003045077637
 0.003044570831	 0.003044570831
 0.003043976777	 0.003043976777
 0.003043902726	 0.003043902726
 0.003039921974	 0.003039921974
 0.003038597778	 0.003038597778
 0.003038148826	 0.003038148826
 0.00304166708	 0.00304166708
 0.003038882602	 0.003038882602
 0.003033624513	 0.003033624513
 0.003031882119	 0.003031882119
 0.003027612467	 0.003027612467
 0.003032059206	 0.003032059206
 0.003030162029	 0.003030162029
 0.003026379126	 0.003026379126
 0.00301985911	 0.00301985911
 0.003013015972	 0.003013015972
 0.003017145138	 0.003017145138
 0.003008214856	 0.003008214856
 0.003003126188	 0.003003126188
 0.003001219681	 0.003001219681
 0.002998740535	 0.002998740535
 0.002994997374	 0.002994997374
 0.002992945649	 0.002992945649
 0.002990388651	 0.002990388651
 0.002986763596	 0.002986763596
 0.002991129092	 0.002991129092
 0.002988615631	 0.002988615631
 0.00298829768	 0.00298829768
 0.002990821103	 0.002990821103
 0.002994062041	 0.002994062041
 0.002994484316	 0.002994484316
 0.002998549722	 0.002998549722
 0.002999066665	 0.002999066665
 0.00300387657	 0.00300387657
 0.003005176532	 0.003005176532
 0.003006554065	 0.003006554065
 0.003010248317	 0.003010248317
 0.003017780528	 0.003017780528
 0.003017646291	 0.003017646291
 0.003020981583	 0.003020981583
 0.003027009814	 0.003027009814
 0.003032403493	 0.003032403493
 0.003034702756	 0.003034702756
 0.003044381911	 0.003044381911
 0.003042602133	 0.003042602133
 0.003042351432	 0.003042351432
 0.00305134097	 0.00305134097
 0.003053246549	 0.003053246549
 0.003051998815	 0.003051998815
 0.00305518919	 0.00305518919
 0.003059415501	 0.003059415501
 0.003063207668	 0.003063207668
 0.003061156625	 0.003061156625
 0.00306607283	 0.00306607283
 0.003065723499	 0.003065723499
 0.003068462535	 0.003068462535
 0.003069175696	 0.003069175696
 0.003066702678	 0.003066702678
 0.003067932167	 0.003067932167
 0.003071810078	 0.003071810078
 0.003069689935	 0.003069689935
 0.0030727318	 0.0030727318
 0.003073668341	 0.003073668341
 0.003071454607	 0.003071454607
 0.003071939412	 0.003071939412
 0.003075286191	 0.003075286191
 0.003073164639	 0.003073164639
 0.00307535347	 0.00307535347
 0.003075811187	 0.003075811187
 0.00307488278	 0.00307488278
 0.003072660931	 0.003072660931
 0.003073272116	 0.003073272116
 0.003076917204	 0.003076917204
 0.003078719007	 0.003078719007
 0.003078735478	 0.003078735478
 0.003073802376	 0.003073802376
 0.003075715929	 0.003075715929
 0.003073948002	 0.003073948002
 0.003070566107	 0.003070566107
 0.00307144479	 0.00307144479
 0.003079872852	 0.003079872852
 0.003070862287	 0.003070862287
 0.003069489022	 0.003069489022
 0.003067906093	 0.003067906093
 0.003067587382	 0.003067587382
 0.003071785145	 0.003071785145
 0.003067482293	 0.003067482293
 0.003068148691	 0.003068148691
 0.003060694216	 0.003060694216
 0.003063119751	 0.003063119751
 0.003055736707	 0.003055736707
 0.003059380976	 0.003059380976
 0.003056523022	 0.003056523022
 0.003053705824	 0.003053705824
 0.003056229195	 0.003056229195
 0.003051802089	 0.003051802089
 0.003049173226	 0.003049173226
 0.003050071776	 0.003050071776
 0.003047356777	 0.003047356777
 0.003048363288	 0.003048363288
 0.003050897776	 0.003050897776
 0.003050553519	 0.003050553519
 0.003043237406	 0.003043237406
 0.003046559669	 0.003046559669
 0.003047238548	 0.003047238548
 0.003047297809	 0.003047297809
 0.003048958616	 0.003048958616
 0.003044201583	 0.003044201583
 0.003046602978	 0.003046602978
 0.003047589392	 0.003047589392
 0.003052841297	 0.003052841297
 0.003055952286	 0.003055952286
 0.003058613202	 0.003058613202
 0.003057927624	 0.003057927624
 0.003060252631	 0.003060252631
 0.003065572487	 0.003065572487
 0.003070936374	 0.003070936374
 0.003075602748	 0.003075602748
 0.00308051187	 0.00308051187
 0.003081662582	 0.003081662582
 0.003092528214	 0.003092528214
 0.003094875623	 0.003094875623
 0.003095820188	 0.003095820188
 0.003102321521	 0.003102321521
 0.003108223283	 0.003108223283
 0.003113642913	 0.003113642913
 0.003118164023	 0.003118164023
 0.003118388621	 0.003118388621
 0.003122056357	 0.003122056357
 0.003130619312	 0.003130619312
 0.003134467974	 0.003134467974
 0.003134143598	 0.003134143598
 0.003129802965	 0.003129802965
 0.003130683632	 0.003130683632
 0.003141702594	 0.003141702594
 0.003141806598	 0.003141806598
 0.003138938491	 0.003138938491
