 0.1261835835	 0.1261835835
 0.07675375532	 0.07675375532
 0.05356628028	 0.05356628028
 0.04044867826	 0.04044867826
 0.03184573535	 0.03184573535
 0.02587456461	 0.02587456461
 0.02145604523	 0.02145604523
 0.01808538923	 0.01808538923
 0.01545643898	 0.01545643898
 0.01335928413	 0.01335928413
 0.01163518961	 0.01163518961
 0.01018702406	 0.01018702406
 0.008978574769	 0.008978574769
 0.007977494633	 0.007977494633
 0.007153340816	 0.007153340816
 0.006468593952	 0.006468593952
 0.005884314157	 0.005884314157
 0.005382534859	 0.005382534859
 0.00494124887	 0.00494124887
 0.004552641568	 0.004552641568
 0.004183748865	 0.004183748865
 0.003845888265	 0.003845888265
 0.003540422331	 0.003540422331
 0.003272336875	 0.003272336875
 0.003032388234	 0.003032388234
 0.002823833091	 0.002823833091
 0.002643370838	 0.002643370838
 0.002486122982	 0.002486122982
 0.002349316737	 0.002349316737
 0.00223067596	 0.00223067596
 0.002124003441	 0.002124003441
 0.002028640811	 0.002028640811
 0.001939266138	 0.001939266138
 0.001857848651	 0.001857848651
 0.001786115827	 0.001786115827
 0.001720892224	 0.001720892224
 0.00166350367	 0.00166350367
 0.001610435157	 0.001610435157
 0.001562522478	 0.001562522478
 0.001518350921	 0.001518350921
 0.001477992469	 0.001477992469
 0.001440789708	 0.001440789708
 0.001406398816	 0.001406398816
 0.001375312848	 0.001375312848
 0.001345965727	 0.001345965727
 0.001317996703	 0.001317996703
 0.00129403671	 0.00129403671
 0.00127059409	 0.00127059409
 0.00124760947	 0.00124760947
 0.001226082136	 0.001226082136
 0.001204937621	 0.001204937621
 0.00118562493	 0.00118562493
 0.001166176676	 0.001166176676
 0.001148358921	 0.001148358921
 0.001131111113	 0.001131111113
 0.001114107085	 0.001114107085
 0.001098894185	 0.001098894185
 0.001083532356	 0.001083532356
 0.001069225622	 0.001069225622
 0.001055714037	 0.001055714037
 0.001043577571	 0.001043577571
 0.001031883374	 0.001031883374
 0.001020616227	 0.001020616227
 0.0010094019	 0.0010094019
 0.0009997239851	 0.0009997239851
 0.0009902844935	 0.0009902844935
 0.0009806786623	 0.0009806786623
 0.0009719860123	 0.0009719860123
 0.0009641296519	 0.0009641296519
 0.0009557360547	 0.0009557360547
 0.0009474999801	 0.0009474999801
 0.000939432916	 0.000939432916
 0.000934596519	 0.000934596519
 0.0009296371851	 0.0009296371851
 0.0009253414293	 0.0009253414293
 0.0009209368138	 0.0009209368138
 0.0009172069892	 0.0009172069892
 0.0009140854853	 0.0009140854853
 0.0009101306491	 0.0009101306491
 0.0009068106279	 0.0009068106279
 0.0009030294386	 0.0009030294386
 0.0008986338054	 0.0008986338054
 0.000893597313	 0.000893597313
 0.0008879556236	 0.0008879556236
 0.0008835675417	 0.0008835675417
 0.0008783395131	 0.0008783395131
 0.0008724988643	 0.0008724988643
 0.0008663625015	 0.0008663625015
 0.0008606522734	 0.0008606522734
 0.0008559250207	 0.0008559250207
 0.0008509700673	 0.0008509700673
 0.000846416169	 0.000846416169
 0.0008401162826	 0.0008401162826
 0.000835558089	 0.000835558089
 0.0008306445138	 0.0008306445138
 0.0008243348019	 0.0008243348019
 0.0008184937985	 0.0008184937985
 0.000812773564	 0.000812773564
 0.0008077151398	 0.0008077151398
 0.0008029887746	 0.0008029887746
 0.0007995926562	 0.0007995926562
 0.0007956810524	 0.0007956810524
 0.0007916487331	 0.0007916487331
 0.0007880372551	 0.0007880372551
 0.0007843931903	 0.0007843931903
 0.0007806111383	 0.0007806111383
 0.000776690062	 0.000776690062
 0.0007727453629	 0.0007727453629
 0.0007697821554	 0.0007697821554
 0.0007669032986	 0.0007669032986
 0.0007641446054	 0.0007641446054
 0.0007616563893	 0.0007616563893
 0.0007598836064	 0.0007598836064
 0.0007578286402	 0.0007578286402
 0.0007557304928	 0.0007557304928
 0.0007541197208	 0.0007541197208
 0.0007532227902	 0.0007532227902
 0.000751295719	 0.000751295719
 0.0007491924156	 0.0007491924156
 0.0007479310128	 0.0007479310128
 0.0007465208363	 0.0007465208363
 0.0007452055775	 0.0007452055775
 0.0007438434989	 0.0007438434989
 0.0007429563155	 0.0007429563155
 0.0007420421638	 0.0007420421638
 0.0007411962558	 0.0007411962558
 0.0007402855911	 0.0007402855911
 0.0007393557237	 0.0007393557237
 0.0007376712072	 0.0007376712072
 0.0007363150903	 0.0007363150903
 0.0007345403891	 0.0007345403891
 0.0007329476034	 0.0007329476034
 0.0007310806378	 0.0007310806378
 0.0007292661653	 0.0007292661653
 0.0007274902121	 0.0007274902121
 0.0007262963684	 0.0007262963684
 0.0007242902158	 0.0007242902158
 0.0007245130854	 0.0007245130854
 0.0007235034084	 0.0007235034084
 0.0007202719565	 0.0007202719565
 0.0007178346787	 0.0007178346787
 0.0007158474145	 0.0007158474145
 0.0007136246732	 0.0007136246732
 0.000711784085	 0.000711784085
 0.0007095512435	 0.0007095512435
 0.000707726537	 0.000707726537
 0.0007059812439	 0.0007059812439
 0.0007038922287	 0.0007038922287
 0.0007008986953	 0.0007008986953
 0.0006983845448	 0.0006983845448
 0.0006957946293	 0.0006957946293
 0.0006929299775	 0.0006929299775
 0.0006905895449	 0.0006905895449
 0.000688319194	 0.000688319194
 0.0006849112137	 0.0006849112137
 0.0006824313656	 0.0006824313656
 0.0006797794172	 0.0006797794172
 0.0006763928908	 0.0006763928908
 0.0006726393053	 0.0006726393053
 0.00067085067	 0.00067085067
 0.0006680139546	 0.0006680139546
 0.0006649812179	 0.0006649812179
 0.0006618205987	 0.0006618205987
 0.000658895676	 0.000658895676
 0.0006551202996	 0.0006551202996
 0.0006520592477	 0.0006520592477
 0.0006482539658	 0.0006482539658
 0.0006441048386	 0.0006441048386
 0.0006400280211	 0.0006400280211
 0.0006364125743	 0.0006364125743
 0.0006327968575	 0.0006327968575
 0.000629987897	 0.000629987897
 0.0006268878484	 0.0006268878484
 0.0006226411771	 0.0006226411771
 0.000619164795	 0.000619164795
 0.0006161820634	 0.0006161820634
 0.0006122613198	 0.0006122613198
 0.000607951139	 0.000607951139
 0.0006038470765	 0.0006038470765
 0.0006003796771	 0.0006003796771
 0.00059662191	 0.00059662191
 0.0005923097326	 0.0005923097326
 0.0005878474904	 0.0005878474904
 0.000583540815	 0.000583540815
 0.0005791257197	 0.0005791257197
 0.0005742473783	 0.0005742473783
 0.0005689749498	 0.0005689749498
 0.0005639511981	 0.0005639511981
 0.0005591263869	 0.0005591263869
 0.0005539948167	 0.0005539948167
 0.0005487622313	 0.0005487622313
 0.0005440085331	 0.0005440085331
 0.000539214417	 0.000539214417
 0.0005343209063	 0.0005343209063
 0.0005296242207	 0.0005296242207
 0.0005249787942	 0.0005249787942
 0.0005201062814	 0.0005201062814
 0.0005158399611	 0.0005158399611
 0.0005117613408	 0.0005117613408
 0.0005078768904	 0.0005078768904
 0.0005041075256	 0.0005041075256
 0.0005003319591	 0.0005003319591
 0.0004969488044	 0.0004969488044
 0.0004937756821	 0.0004937756821
 0.0004906559943	 0.0004906559943
 0.0004879386386	 0.0004879386386
 0.0004852348543	 0.0004852348543
 0.0004823169129	 0.0004823169129
 0.0004795408598	 0.0004795408598
 0.000476988384	 0.000476988384
 0.0004745502716	 0.0004745502716
 0.000471974338	 0.000471974338
 0.0004692156914	 0.0004692156914
 0.0004666021412	 0.0004666021412
 0.0004638332603	 0.0004638332603
 0.000460903379	 0.000460903379
 0.0004579855	 0.0004579855
 0.0004549257874	 0.0004549257874
 0.0004519284976	 0.0004519284976
 0.0004486580561	 0.0004486580561
 0.000445252768	 0.000445252768
 0.0004415097706	 0.0004415097706
 0.0004377537011	 0.0004377537011
 0.0004340768437	 0.0004340768437
 0.0004302548433	 0.0004302548433
 0.0004265240877	 0.0004265240877
 0.0004227455729	 0.0004227455729
 0.0004192171266	 0.0004192171266
 0.000416551711	 0.000416551711
 0.000413323302	 0.000413323302
 0.0004092411031	 0.0004092411031
 0.0004036251691	 0.0004036251691
 0.0003916841969	 0.0003916841969
 0.0003540342884	 0.0003540342884
 0.0002444186124	 0.0002444186124
 9.642619505e-05	 9.642619505e-05
 2.591500098e-05	 2.591500098e-05
 7.283439492e-06	 7.283439492e-06
 1.872558695e-06	 1.872558695e-06
 4.567032398e-07	 4.567032398e-07
 1.089720019e-07	 1.089720019e-07
 2.709640773e-06	 2.709640773e-06
 2.386723928e-08	 2.386723928e-08
 2.42107562e-08	 2.42107562e-08
 2.519628088e-08	 2.519628088e-08
 2.647981152e-08	 2.647981152e-08
 2.774285911e-08	 2.774285911e-08
 2.894667426e-08	 2.894667426e-08
 2.8279345e-08	 2.8279345e-08
 2.844366353e-08	 2.844366353e-08
 2.8943124e-08	 2.8943124e-08
 2.964361836e-08	 2.964361836e-08
 3.023650296e-08	 3.023650296e-08
 3.075040968e-08	 3.075040968e-08
 3.101812046e-08	 3.101812046e-08
 3.130188917e-08	 3.130188917e-08
 2.976036334e-08	 2.976036334e-08
 2.945726532e-08	 2.945726532e-08
 2.944063169e-08	 2.944063169e-08
 2.978020132e-08	 2.978020132e-08
 3.00072658e-08	 3.00072658e-08
 3.0406692e-08	 3.0406692e-08
 3.056697356e-08	 3.056697356e-08
 3.084896787e-08	 3.084896787e-08
 3.08674022e-08	 3.08674022e-08
 3.091294246e-08	 3.091294246e-08
 3.066912334e-08	 3.066912334e-08
 3.057931234e-08	 3.057931234e-08
 3.028447404e-08	 3.028447404e-08
 3.017982018e-08	 3.017982018e-08
 2.988402418e-08	 2.988402418e-08
 2.973743515e-08	 2.973743515e-08
 2.937237781e-08	 2.937237781e-08
 2.913384215e-08	 2.913384215e-08
 2.868427882e-08	 2.868427882e-08
 2.835688458e-08	 2.835688458e-08
 2.782722231e-08	 2.782722231e-08
 2.742568062e-08	 2.742568062e-08
 2.683812426e-08	 2.683812426e-08
 2.6380178e-08	 2.6380178e-08
 2.574293145e-08	 2.574293145e-08
 2.524257662e-08	 2.524257662e-08
 2.45749594e-08	 2.45749594e-08
 2.40572291e-08	 2.40572291e-08
 2.338523906e-08	 2.338523906e-08
 2.285221165e-08	 2.285221165e-08
 2.22612156e-08	 2.22612156e-08
 2.157442373e-08	 2.157442373e-08
 2.102045477e-08	 2.102045477e-08
 2.044852904e-08	 2.044852904e-08
 1.978978106e-08	 1.978978106e-08
 1.929388047e-08	 1.929388047e-08
 1.881574504e-08	 1.881574504e-08
 1.835582714e-08	 1.835582714e-08
 1.782149015e-08	 1.782149015e-08
 1.745561656e-08	 1.745561656e-08
 1.758409873e-08	 1.758409873e-08
 1.681140585e-08	 1.681140585e-08
 3.440965136e-08	 3.440965136e-08
 1.622768557e-08	 1.622768557e-08
 9.633810168e-07	 9.633810168e-07
 3.382711935e-09	 3.382711935e-09
 4.470216029e-09	 4.470216029e-09
 3.316601775e-09	 3.316601775e-09
 4.622120791e-09	 4.622120791e-09
 3.260377725e-09	 3.260377725e-09
 4.769938876e-09	 4.769938876e-09
 0.0006544823585	 0.0006544823585
 0.0005242245012	 0.0005242245012
 0.0001387021629	 0.0001387021629
 3.328801892e-05	 3.328801892e-05
 6.716536753e-06	 6.716536753e-06
 1.431812379e-06	 1.431812379e-06
 3.290534481e-07	 3.290534481e-07
 7.879508298e-08	 7.879508298e-08
 7.879924245e-08	 7.879924245e-08
 8.322259138e-08	 8.322259138e-08
 9.488530703e-08	 9.488530703e-08
 1.083389366e-07	 1.083389366e-07
 2.441301726e-08	 2.441301726e-08
 2.346994363e-08	 2.346994363e-08
 2.224634665e-08	 2.224634665e-08
 2.29343133e-08	 2.29343133e-08
 2.236300356e-08	 2.236300356e-08
 2.198376945e-08	 2.198376945e-08
 2.246791397e-08	 2.246791397e-08
 2.38584916e-08	 2.38584916e-08
 2.469597661e-08	 2.469597661e-08
 2.704626602e-08	 2.704626602e-08
 3.012856217e-08	 3.012856217e-08
 3.158831864e-08	 3.158831864e-08
 3.040721624e-08	 3.040721624e-08
 3.081211769e-08	 3.081211769e-08
 3.190072169e-08	 3.190072169e-08
 3.121071967e-08	 3.121071967e-08
 3.07181177e-08	 3.07181177e-08
 3.087602805e-08	 3.087602805e-08
 3.222310649e-08	 3.222310649e-08
 3.312816163e-08	 3.312816163e-08
 3.023380233e-08	 3.023380233e-08
 2.866701771e-08	 2.866701771e-08
 2.769252383e-08	 2.769252383e-08
 2.792595139e-08	 2.792595139e-08
 2.632478926e-08	 2.632478926e-08
 2.532975283e-08	 2.532975283e-08
 2.525499406e-08	 2.525499406e-08
 2.683411077e-08	 2.683411077e-08
 2.819522668e-08	 2.819522668e-08
 2.785270553e-08	 2.785270553e-08
 2.816975108e-08	 2.816975108e-08
 2.928623538e-08	 2.928623538e-08
 2.932928019e-08	 2.932928019e-08
 2.925590416e-08	 2.925590416e-08
 2.913068414e-08	 2.913068414e-08
 3.063209205e-08	 3.063209205e-08
 3.144641238e-08	 3.144641238e-08
 2.88900727e-08	 2.88900727e-08
 2.637041769e-08	 2.637041769e-08
 2.644075804e-08	 2.644075804e-08
 2.748959732e-08	 2.748959732e-08
 2.863701864e-08	 2.863701864e-08
 2.836539853e-08	 2.836539853e-08
 3.040479988e-08	 3.040479988e-08
 3.29224798e-08	 3.29224798e-08
 3.504650352e-08	 3.504650352e-08
 3.510314202e-08	 3.510314202e-08
 3.60500959e-08	 3.60500959e-08
 3.764737738e-08	 3.764737738e-08
 3.71550979e-08	 3.71550979e-08
 3.81079301e-08	 3.81079301e-08
 4.020761969e-08	 4.020761969e-08
 3.829905143e-08	 3.829905143e-08
 3.500469208e-08	 3.500469208e-08
 3.192042208e-08	 3.192042208e-08
 3.106806646e-08	 3.106806646e-08
 3.017658822e-08	 3.017658822e-08
 2.828635114e-08	 2.828635114e-08
 2.83195896e-08	 2.83195896e-08
 2.962193685e-08	 2.962193685e-08
 3.07894623e-08	 3.07894623e-08
 3.015563383e-08	 3.015563383e-08
 3.121092291e-08	 3.121092291e-08
 3.217165532e-08	 3.217165532e-08
 3.420891848e-08	 3.420891848e-08
 3.759344379e-08	 3.759344379e-08
 4.106242979e-08	 4.106242979e-08
 4.273990467e-08	 4.273990467e-08
 3.821977233e-08	 3.821977233e-08
 3.556603232e-08	 3.556603232e-08
 3.393170773e-08	 3.393170773e-08
 3.264737268e-08	 3.264737268e-08
 3.045935381e-08	 3.045935381e-08
 3.130015431e-08	 3.130015431e-08
 3.122196142e-08	 3.122196142e-08
 3.218628103e-08	 3.218628103e-08
 3.373790372e-08	 3.373790372e-08
 3.694204544e-08	 3.694204544e-08
 3.847409844e-08	 3.847409844e-08
 3.695278122e-08	 3.695278122e-08
 3.809717026e-08	 3.809717026e-08
 3.916688747e-08	 3.916688747e-08
 4.011708204e-08	 4.011708204e-08
 3.95723164e-08	 3.95723164e-08
 3.550145214e-08	 3.550145214e-08
 3.40432826e-08	 3.40432826e-08
 3.447829086e-08	 3.447829086e-08
 3.518784216e-08	 3.518784216e-08
 3.369141745e-08	 3.369141745e-08
 3.507953307e-08	 3.507953307e-08
 3.552140047e-08	 3.552140047e-08
 3.7593245e-08	 3.7593245e-08
 4.006943832e-08	 4.006943832e-08
 4.408744493e-08	 4.408744493e-08
 4.510215386e-08	 4.510215386e-08
 4.176778116e-08	 4.176778116e-08
 4.149095311e-08	 4.149095311e-08
 3.951835518e-08	 3.951835518e-08
 3.90207034e-08	 3.90207034e-08
 3.939581787e-08	 3.939581787e-08
 4.093635833e-08	 4.093635833e-08
 4.180181455e-08	 4.180181455e-08
 3.982473659e-08	 3.982473659e-08
 4.081839216e-08	 4.081839216e-08
 4.197305579e-08	 4.197305579e-08
 4.374529538e-08	 4.374529538e-08
 4.337448035e-08	 4.337448035e-08
 3.828196363e-08	 3.828196363e-08
 3.532937316e-08	 3.532937316e-08
 3.418452327e-08	 3.418452327e-08
 3.325552782e-08	 3.325552782e-08
 3.301021933e-08	 3.301021933e-08
 3.266264837e-08	 3.266264837e-08
 3.529744675e-08	 3.529744675e-08
 3.778424926e-08	 3.778424926e-08
 4.02276634e-08	 4.02276634e-08
 3.990290262e-08	 3.990290262e-08
 3.479328267e-08	 3.479328267e-08
 3.216902993e-08	 3.216902993e-08
 3.110569745e-08	 3.110569745e-08
 3.130429793e-08	 3.130429793e-08
 3.155406513e-08	 3.155406513e-08
 3.372526449e-08	 3.372526449e-08
 3.540210797e-08	 3.540210797e-08
 4.286604904e-08	 4.286604904e-08
 3.987228566e-08	 3.987228566e-08
 4.366138085e-08	 4.366138085e-08
 5.429948337e-08	 5.429948337e-08
 4.047943813e-08	 4.047943813e-08
 3.729304057e-08	 3.729304057e-08
 4.175829467e-08	 4.175829467e-08
 3.523676733e-08	 3.523676733e-08
 3.414989616e-08	 3.414989616e-08
 3.483016163e-08	 3.483016163e-08
 2.960980762e-08	 2.960980762e-08
 2.98404847e-08	 2.98404847e-08
 3.446459036e-08	 3.446459036e-08
 3.210589647e-08	 3.210589647e-08
 3.180839933e-08	 3.180839933e-08
 3.757594402e-08	 3.757594402e-08
 3.324234841e-08	 3.324234841e-08
 3.31414953e-08	 3.31414953e-08
 3.537752364e-08	 3.537752364e-08
 3.3955672e-08	 3.3955672e-08
 3.270372919e-08	 3.270372919e-08
 3.361023179e-08	 3.361023179e-08
 3.125371791e-08	 3.125371791e-08
 3.034861512e-08	 3.034861512e-08
 2.941480561e-08	 2.941480561e-08
 3.21462564e-08	 3.21462564e-08
 3.335131652e-08	 3.335131652e-08
 3.496948137e-08	 3.496948137e-08
 3.725679324e-08	 3.725679324e-08
 3.873112461e-08	 3.873112461e-08
 3.759932263e-08	 3.759932263e-08
 3.639004004e-08	 3.639004004e-08
 3.716190023e-08	 3.716190023e-08
 3.587373001e-08	 3.587373001e-08
 3.265076984e-08	 3.265076984e-08
 3.101114141e-08	 3.101114141e-08
 3.203769573e-08	 3.203769573e-08
 3.208304563e-08	 3.208304563e-08
 3.137640019e-08	 3.137640019e-08
 3.326405733e-08	 3.326405733e-08
 3.517691456e-08	 3.517691456e-08
 3.570329302e-08	 3.570329302e-08
 3.679959142e-08	 3.679959142e-08
 3.877782371e-08	 3.877782371e-08
 3.970070595e-08	 3.970070595e-08
 3.541029219e-08	 3.541029219e-08
 3.34016371e-08	 3.34016371e-08
 3.380882585e-08	 3.380882585e-08
 3.301015991e-08	 3.301015991e-08
 3.237731765e-08	 3.237731765e-08
 3.23832002e-08	 3.23832002e-08
 3.364359598e-08	 3.364359598e-08
 3.347384375e-08	 3.347384375e-08
 3.526938888e-08	 3.526938888e-08
 3.835091296e-08	 3.835091296e-08
 3.74665941e-08	 3.74665941e-08
 3.783486404e-08	 3.783486404e-08
 3.773466412e-08	 3.773466412e-08
 3.870204372e-08	 3.870204372e-08
 3.621280283e-08	 3.621280283e-08
 3.173249067e-08	 3.173249067e-08
 3.042608593e-08	 3.042608593e-08
 2.941724593e-08	 2.941724593e-08
 2.900408079e-08	 2.900408079e-08
 2.858538002e-08	 2.858538002e-08
 2.837598766e-08	 2.837598766e-08
 2.9953811e-08	 2.9953811e-08
 3.183065351e-08	 3.183065351e-08
 3.430110041e-08	 3.430110041e-08
 3.358783817e-08	 3.358783817e-08
 3.023208359e-08	 3.023208359e-08
 2.88060226e-08	 2.88060226e-08
 2.870145853e-08	 2.870145853e-08
 2.956658457e-08	 2.956658457e-08
 2.819644901e-08	 2.819644901e-08
 2.902410686e-08	 2.902410686e-08
 2.963760449e-08	 2.963760449e-08
 3.138946975e-08	 3.138946975e-08
 3.454294579e-08	 3.454294579e-08
 3.747989985e-08	 3.747989985e-08
 3.84318622e-08	 3.84318622e-08
 3.601896602e-08	 3.601896602e-08
 3.496337088e-08	 3.496337088e-08
 3.410227168e-08	 3.410227168e-08
 3.209353168e-08	 3.209353168e-08
 2.964475353e-08	 2.964475353e-08
 3.00122516e-08	 3.00122516e-08
 3.1185969e-08	 3.1185969e-08
 3.291247056e-08	 3.291247056e-08
 3.333087422e-08	 3.333087422e-08
 3.523640966e-08	 3.523640966e-08
 3.774927225e-08	 3.774927225e-08
 3.783299843e-08	 3.783299843e-08
 3.537130701e-08	 3.537130701e-08
 3.463731302e-08	 3.463731302e-08
 3.50611694e-08	 3.50611694e-08
 3.414032844e-08	 3.414032844e-08
 3.377780136e-08	 3.377780136e-08
 3.174045918e-08	 3.174045918e-08
 3.081487174e-08	 3.081487174e-08
 3.147794116e-08	 3.147794116e-08
 3.263147207e-08	 3.263147207e-08
 3.23665616e-08	 3.23665616e-08
 3.063365655e-08	 3.063365655e-08
 3.088813904e-08	 3.088813904e-08
 3.29733528e-08	 3.29733528e-08
 3.323133801e-08	 3.323133801e-08
 3.313580291e-08	 3.313580291e-08
 3.271615813e-08	 3.271615813e-08
 3.439442652e-08	 3.439442652e-08
 3.418165422e-08	 3.418165422e-08
 3.224710622e-08	 3.224710622e-08
 3.203457474e-08	 3.203457474e-08
 3.319967199e-08	 3.319967199e-08
 3.31822058e-08	 3.31822058e-08
 3.147157323e-08	 3.147157323e-08
 3.215861631e-08	 3.215861631e-08
 3.189842675e-08	 3.189842675e-08
 3.217242152e-08	 3.217242152e-08
 3.397005297e-08	 3.397005297e-08
 3.716600294e-08	 3.716600294e-08
 3.815472554e-08	 3.815472554e-08
 3.988334566e-08	 3.988334566e-08
 4.188161171e-08	 4.188161171e-08
 4.057173267e-08	 4.057173267e-08
 4.175306202e-08	 4.175306202e-08
 4.332057057e-08	 4.332057057e-08
 4.335825669e-08	 4.335825669e-08
 3.961349679e-08	 3.961349679e-08
 3.659953335e-08	 3.659953335e-08
 3.606739016e-08	 3.606739016e-08
 3.66857623e-08	 3.66857623e-08
 3.624756421e-08	 3.624756421e-08
 3.413387441e-08	 3.413387441e-08
 3.268238596e-08	 3.268238596e-08
 3.253957557e-08	 3.253957557e-08
 3.277611351e-08	 3.277611351e-08
 3.476123948e-08	 3.476123948e-08
 3.736646988e-08	 3.736646988e-08
 3.900824563e-08	 3.900824563e-08
 4.124799101e-08	 4.124799101e-08
 4.315422025e-08	 4.315422025e-08
 4.236686598e-08	 4.236686598e-08
 3.915568385e-08	 3.915568385e-08
 3.868721305e-08	 3.868721305e-08
 3.900056296e-08	 3.900056296e-08
 3.963311678e-08	 3.963311678e-08
 3.87272399e-08	 3.87272399e-08
 3.44473109e-08	 3.44473109e-08
 3.257676356e-08	 3.257676356e-08
 3.208504269e-08	 3.208504269e-08
 3.10753561e-08	 3.10753561e-08
 2.87811796e-08	 2.87811796e-08
 2.879079676e-08	 2.879079676e-08
 3.02520224e-08	 3.02520224e-08
 3.157497267e-08	 3.157497267e-08
 3.143491473e-08	 3.143491473e-08
 3.361720689e-08	 3.361720689e-08
 3.489561719e-08	 3.489561719e-08
 3.7253219e-08	 3.7253219e-08
 3.882685282e-08	 3.882685282e-08
 4.117304929e-08	 4.117304929e-08
 4.075634209e-08	 4.075634209e-08
 3.644279195e-08	 3.644279195e-08
 3.393615466e-08	 3.393615466e-08
 3.275995347e-08	 3.275995347e-08
 3.112531839e-08	 3.112531839e-08
 2.924645869e-08	 2.924645869e-08
 3.021136077e-08	 3.021136077e-08
 3.26554456e-08	 3.26554456e-08
 3.350099072e-08	 3.350099072e-08
 3.390240414e-08	 3.390240414e-08
 3.341497747e-08	 3.341497747e-08
 3.256024343e-08	 3.256024343e-08
 3.108793838e-08	 3.108793838e-08
 3.122782831e-08	 3.122782831e-08
 3.373347214e-08	 3.373347214e-08
 3.701027804e-08	 3.701027804e-08
 3.703179018e-08	 3.703179018e-08
 3.595143471e-08	 3.595143471e-08
 3.43314974e-08	 3.43314974e-08
 3.483556858e-08	 3.483556858e-08
 3.383757912e-08	 3.383757912e-08
 3.247797946e-08	 3.247797946e-08
 3.179549087e-08	 3.179549087e-08
 3.21883743e-08	 3.21883743e-08
 3.232858705e-08	 3.232858705e-08
 3.547104079e-08	 3.547104079e-08
 3.803981281e-08	 3.803981281e-08
 4.042774998e-08	 4.042774998e-08
 4.379918726e-08	 4.379918726e-08
 4.656644641e-08	 4.656644641e-08
 4.555858939e-08	 4.555858939e-08
 4.4765387e-08	 4.4765387e-08
 4.40436189e-08	 4.40436189e-08
 4.193317758e-08	 4.193317758e-08
 4.356550878e-08	 4.356550878e-08
 4.347151794e-08	 4.347151794e-08
 4.419113641e-08	 4.419113641e-08
 4.403809101e-08	 4.403809101e-08
 4.377852655e-08	 4.377852655e-08
 4.204413318e-08	 4.204413318e-08
 3.840279504e-08	 3.840279504e-08
 3.735615513e-08	 3.735615513e-08
 3.869511901e-08	 3.869511901e-08
 3.922883989e-08	 3.922883989e-08
 3.835742017e-08	 3.835742017e-08
 3.912424915e-08	 3.912424915e-08
 4.042214894e-08	 4.042214894e-08
 4.036317062e-08	 4.036317062e-08
 4.291901079e-08	 4.291901079e-08
 4.405441305e-08	 4.405441305e-08
 4.16320618e-08	 4.16320618e-08
 3.692627361e-08	 3.692627361e-08
 3.418346829e-08	 3.418346829e-08
 3.468774519e-08	 3.468774519e-08
 3.423347598e-08	 3.423347598e-08
 3.227094941e-08	 3.227094941e-08
 3.24973671e-08	 3.24973671e-08
 3.344881085e-08	 3.344881085e-08
 3.23706613e-08	 3.23706613e-08
 3.126324022e-08	 3.126324022e-08
 3.151397425e-08	 3.151397425e-08
 3.124540117e-08	 3.124540117e-08
 3.13297239e-08	 3.13297239e-08
 3.204058831e-08	 3.204058831e-08
 3.36845986e-08	 3.36845986e-08
 3.353570303e-08	 3.353570303e-08
 3.354830456e-08	 3.354830456e-08
 3.424868368e-08	 3.424868368e-08
 3.546536593e-08	 3.546536593e-08
 3.601388929e-08	 3.601388929e-08
 3.38797191e-08	 3.38797191e-08
 3.369439978e-08	 3.369439978e-08
 3.369626809e-08	 3.369626809e-08
 3.544301098e-08	 3.544301098e-08
 3.490085615e-08	 3.490085615e-08
 3.415804701e-08	 3.415804701e-08
 3.28756056e-08	 3.28756056e-08
 3.202957308e-08	 3.202957308e-08
 3.120948551e-08	 3.120948551e-08
 2.991668977e-08	 2.991668977e-08
 3.085905729e-08	 3.085905729e-08
 3.354664558e-08	 3.354664558e-08
 3.580494094e-08	 3.580494094e-08
 3.712385218e-08	 3.712385218e-08
 3.788015937e-08	 3.788015937e-08
 3.950850302e-08	 3.950850302e-08
 3.774399308e-08	 3.774399308e-08
 3.650450634e-08	 3.650450634e-08
 3.733521209e-08	 3.733521209e-08
 3.964076059e-08	 3.964076059e-08
 4.057485436e-08	 4.057485436e-08
 3.765987042e-08	 3.765987042e-08
 3.487039233e-08	 3.487039233e-08
 3.259513758e-08	 3.259513758e-08
 3.234692058e-08	 3.234692058e-08
 3.112191756e-08	 3.112191756e-08
 2.975238538e-08	 2.975238538e-08
 2.956481583e-08	 2.956481583e-08
 2.957699685e-08	 2.957699685e-08
 2.928602313e-08	 2.928602313e-08
 3.018736391e-08	 3.018736391e-08
 3.171431671e-08	 3.171431671e-08
 3.131960232e-08	 3.131960232e-08
 3.204868654e-08	 3.204868654e-08
 3.331173803e-08	 3.331173803e-08
 3.41885119e-08	 3.41885119e-08
 3.330714764e-08	 3.330714764e-08
 3.372685057e-08	 3.372685057e-08
 3.524364677e-08	 3.524364677e-08
 3.535095924e-08	 3.535095924e-08
 3.329056087e-08	 3.329056087e-08
 3.373566352e-08	 3.373566352e-08
 3.264805786e-08	 3.264805786e-08
 3.197183986e-08	 3.197183986e-08
 3.222030315e-08	 3.222030315e-08
 3.344145645e-08	 3.344145645e-08
 3.426235291e-08	 3.426235291e-08
 3.395491679e-08	 3.395491679e-08
 3.604659546e-08	 3.604659546e-08
 3.805431613e-08	 3.805431613e-08
 3.83589301e-08	 3.83589301e-08
 3.523657543e-08	 3.523657543e-08
 3.429982781e-08	 3.429982781e-08
 3.429863029e-08	 3.429863029e-08
 3.312773606e-08	 3.312773606e-08
 3.035108959e-08	 3.035108959e-08
 3.034347373e-08	 3.034347373e-08
 2.994662161e-08	 2.994662161e-08
 3.073340441e-08	 3.073340441e-08
 3.227500769e-08	 3.227500769e-08
 3.413514173e-08	 3.413514173e-08
 3.417137806e-08	 3.417137806e-08
 3.218855078e-08	 3.218855078e-08
 3.272486924e-08	 3.272486924e-08
 3.43141895e-08	 3.43141895e-08
 3.687024773e-08	 3.687024773e-08
 3.602585947e-08	 3.602585947e-08
 3.423588329e-08	 3.423588329e-08
 3.272402197e-08	 3.272402197e-08
 3.265207522e-08	 3.265207522e-08
 3.27519362e-08	 3.27519362e-08
 3.129575423e-08	 3.129575423e-08
 3.173806746e-08	 3.173806746e-08
 3.209967423e-08	 3.209967423e-08
 3.325179703e-08	 3.325179703e-08
 3.59142356e-08	 3.59142356e-08
 3.884696825e-08	 3.884696825e-08
 3.983582888e-08	 3.983582888e-08
 4.464680312e-08	 4.464680312e-08
 5.025228304e-08	 5.025228304e-08
 4.720344192e-08	 4.720344192e-08
 4.157250173e-08	 4.157250173e-08
 3.593186516e-08	 3.593186516e-08
 3.2948229e-08	 3.2948229e-08
 3.082893142e-08	 3.082893142e-08
 2.855408992e-08	 2.855408992e-08
 2.821357324e-08	 2.821357324e-08
 2.96281525e-08	 2.96281525e-08
 3.089921106e-08	 3.089921106e-08
 3.225225934e-08	 3.225225934e-08
 3.340552665e-08	 3.340552665e-08
 3.572702011e-08	 3.572702011e-08
 3.603188908e-08	 3.603188908e-08
 3.45684245e-08	 3.45684245e-08
 3.446055983e-08	 3.446055983e-08
 3.477282658e-08	 3.477282658e-08
 3.491159176e-08	 3.491159176e-08
 3.343100971e-08	 3.343100971e-08
 2.975663922e-08	 2.975663922e-08
 2.79877106e-08	 2.79877106e-08
 2.761297079e-08	 2.761297079e-08
 2.80474476e-08	 2.80474476e-08
 2.760226888e-08	 2.760226888e-08
 2.906035134e-08	 2.906035134e-08
 3.040729899e-08	 3.040729899e-08
 3.28573803e-08	 3.28573803e-08
 3.670414556e-08	 3.670414556e-08
 4.016572616e-08	 4.016572616e-08
 4.065657297e-08	 4.065657297e-08
 4.405255391e-08	 4.405255391e-08
 4.374772535e-08	 4.374772535e-08
 4.274893223e-08	 4.274893223e-08
 4.314483221e-08	 4.314483221e-08
 4.176789837e-08	 4.176789837e-08
 3.830483502e-08	 3.830483502e-08
 3.938787966e-08	 3.938787966e-08
 4.215516261e-08	 4.215516261e-08
 4.121323912e-08	 4.121323912e-08
 3.826375952e-08	 3.826375952e-08
 3.573833221e-08	 3.573833221e-08
 3.473511685e-08	 3.473511685e-08
 3.239126153e-08	 3.239126153e-08
 3.100992513e-08	 3.100992513e-08
 3.151840282e-08	 3.151840282e-08
 3.343822379e-08	 3.343822379e-08
 3.449550361e-08	 3.449550361e-08
 3.62653444e-08	 3.62653444e-08
 3.61982157e-08	 3.61982157e-08
 3.329199238e-08	 3.329199238e-08
 3.127647655e-08	 3.127647655e-08
 3.01466209e-08	 3.01466209e-08
 3.078015953e-08	 3.078015953e-08
 2.99712054e-08	 2.99712054e-08
 2.922693268e-08	 2.922693268e-08
 2.993235175e-08	 2.993235175e-08
 3.207026849e-08	 3.207026849e-08
 3.420051552e-08	 3.420051552e-08
 3.326085805e-08	 3.326085805e-08
 3.153048751e-08	 3.153048751e-08
 3.134872806e-08	 3.134872806e-08
 3.221981143e-08	 3.221981143e-08
 3.207754078e-08	 3.207754078e-08
 3.05794242e-08	 3.05794242e-08
 3.105687445e-08	 3.105687445e-08
 3.241674118e-08	 3.241674118e-08
 3.306749484e-08	 3.306749484e-08
 3.301942379e-08	 3.301942379e-08
 3.432963484e-08	 3.432963484e-08
 3.666162829e-08	 3.666162829e-08
 3.768257666e-08	 3.768257666e-08
 3.974693629e-08	 3.974693629e-08
 4.263295857e-08	 4.263295857e-08
 4.239956696e-08	 4.239956696e-08
 3.939262949e-08	 3.939262949e-08
 3.694525255e-08	 3.694525255e-08
 3.496695299e-08	 3.496695299e-08
 3.220348107e-08	 3.220348107e-08
 3.275347575e-08	 3.275347575e-08
 3.415277102e-08	 3.415277102e-08
 3.677309559e-08	 3.677309559e-08
 3.667001304e-08	 3.667001304e-08
 3.312665102e-08	 3.312665102e-08
 3.155284639e-08	 3.155284639e-08
 3.143087643e-08	 3.143087643e-08
 3.151677128e-08	 3.151677128e-08
 3.09692839e-08	 3.09692839e-08
 3.167693423e-08	 3.167693423e-08
 3.123341779e-08	 3.123341779e-08
 3.112512738e-08	 3.112512738e-08
 3.277731511e-08	 3.277731511e-08
 3.491365761e-08	 3.491365761e-08
 3.501401388e-08	 3.501401388e-08
 3.685161768e-08	 3.685161768e-08
 3.908063547e-08	 3.908063547e-08
 4.022901655e-08	 4.022901655e-08
 3.880487775e-08	 3.880487775e-08
 3.641058782e-08	 3.641058782e-08
 3.604537196e-08	 3.604537196e-08
 3.592159619e-08	 3.592159619e-08
 3.50484066e-08	 3.50484066e-08
 3.21780356e-08	 3.21780356e-08
 3.073888495e-08	 3.073888495e-08
 3.21657207e-08	 3.21657207e-08
 3.447965942e-08	 3.447965942e-08
 3.72933088e-08	 3.72933088e-08
 3.718491753e-08	 3.718491753e-08
 3.379971939e-08	 3.379971939e-08
 3.218965036e-08	 3.218965036e-08
 3.347758503e-08	 3.347758503e-08
 3.576022995e-08	 3.576022995e-08
 3.541694053e-08	 3.541694053e-08
 3.441483173e-08	 3.441483173e-08
 3.362396305e-08	 3.362396305e-08
 3.372333244e-08	 3.372333244e-08
 3.268197508e-08	 3.268197508e-08
 2.988613334e-08	 2.988613334e-08
 2.87603902e-08	 2.87603902e-08
 2.85435553e-08	 2.85435553e-08
 3.002720744e-08	 3.002720744e-08
 3.049285362e-08	 3.049285362e-08
 3.109584905e-08	 3.109584905e-08
 3.241503721e-08	 3.241503721e-08
 3.473900813e-08	 3.473900813e-08
 3.542156234e-08	 3.542156234e-08
 3.258274188e-08	 3.258274188e-08
 3.152257883e-08	 3.152257883e-08
 3.148442327e-08	 3.148442327e-08
 3.194110942e-08	 3.194110942e-08
 3.148477264e-08	 3.148477264e-08
 3.353380098e-08	 3.353380098e-08
 3.478844332e-08	 3.478844332e-08
 3.618073458e-08	 3.618073458e-08
 3.785146427e-08	 3.785146427e-08
 3.917715314e-08	 3.917715314e-08
 3.81446796e-08	 3.81446796e-08
 3.975288695e-08	 3.975288695e-08
 3.992314784e-08	 3.992314784e-08
 4.137745176e-08	 4.137745176e-08
 4.368307496e-08	 4.368307496e-08
 4.273222124e-08	 4.273222124e-08
 3.936908353e-08	 3.936908353e-08
 3.879476579e-08	 3.879476579e-08
 4.088292998e-08	 4.088292998e-08
 4.181558021e-08	 4.181558021e-08
 4.030793551e-08	 4.030793551e-08
 4.237022606e-08	 4.237022606e-08
 4.3087798e-08	 4.3087798e-08
 4.42223775e-08	 4.42223775e-08
 4.662718795e-08	 4.662718795e-08
 4.811551995e-08	 4.811551995e-08
 4.73576663e-08	 4.73576663e-08
 4.563469956e-08	 4.563469956e-08
 4.331775621e-08	 4.331775621e-08
 3.933511124e-08	 3.933511124e-08
 3.983827397e-08	 3.983827397e-08
 3.964028391e-08	 3.964028391e-08
 3.972095195e-08	 3.972095195e-08
 4.116685415e-08	 4.116685415e-08
 4.276552537e-08	 4.276552537e-08
 4.083109728e-08	 4.083109728e-08
 3.93058138e-08	 3.93058138e-08
 3.745308947e-08	 3.745308947e-08
 3.399074069e-08	 3.399074069e-08
 3.250529046e-08	 3.250529046e-08
 3.193555391e-08	 3.193555391e-08
 3.372866951e-08	 3.372866951e-08
 3.303198696e-08	 3.303198696e-08
 3.181175758e-08	 3.181175758e-08
 3.189436601e-08	 3.189436601e-08
 3.331609959e-08	 3.331609959e-08
 3.436785717e-08	 3.436785717e-08
 3.341667592e-08	 3.341667592e-08
 3.422669936e-08	 3.422669936e-08
 3.511719117e-08	 3.511719117e-08
 3.343959223e-08	 3.343959223e-08
 3.161384111e-08	 3.161384111e-08
 3.121478228e-08	 3.121478228e-08
 3.316853414e-08	 3.316853414e-08
 3.612257319e-08	 3.612257319e-08
 3.674445106e-08	 3.674445106e-08
 3.536152272e-08	 3.536152272e-08
 3.38361941e-08	 3.38361941e-08
 3.324844173e-08	 3.324844173e-08
 3.271375471e-08	 3.271375471e-08
 3.066211115e-08	 3.066211115e-08
 2.99799709e-08	 2.99799709e-08
 3.047295513e-08	 3.047295513e-08
 3.26805703e-08	 3.26805703e-08
 3.338839147e-08	 3.338839147e-08
 3.316118867e-08	 3.316118867e-08
 3.305681535e-08	 3.305681535e-08
 3.354814486e-08	 3.354814486e-08
 3.454472711e-08	 3.454472711e-08
 3.723816531e-08	 3.723816531e-08
 3.818913675e-08	 3.818913675e-08
 3.813159623e-08	 3.813159623e-08
 3.827209658e-08	 3.827209658e-08
 3.764331369e-08	 3.764331369e-08
 3.54097636e-08	 3.54097636e-08
 3.590185017e-08	 3.590185017e-08
 3.57813913e-08	 3.57813913e-08
 3.578957321e-08	 3.578957321e-08
 3.64706552e-08	 3.64706552e-08
 3.772032605e-08	 3.772032605e-08
 3.833114651e-08	 3.833114651e-08
 3.952566295e-08	 3.952566295e-08
 3.984530144e-08	 3.984530144e-08
 3.774305805e-08	 3.774305805e-08
 3.633464741e-08	 3.633464741e-08
 3.582992781e-08	 3.582992781e-08
 3.572782238e-08	 3.572782238e-08
 3.461917002e-08	 3.461917002e-08
 3.594357875e-08	 3.594357875e-08
 3.847213695e-08	 3.847213695e-08
 3.939035976e-08	 3.939035976e-08
 3.691982204e-08	 3.691982204e-08
 3.643866951e-08	 3.643866951e-08
 3.746544853e-08	 3.746544853e-08
 3.64872457e-08	 3.64872457e-08
 3.354838825e-08	 3.354838825e-08
 3.34752883e-08	 3.34752883e-08
 3.314969438e-08	 3.314969438e-08
 3.442002358e-08	 3.442002358e-08
 3.683754458e-08	 3.683754458e-08
 4.12065121e-08	 4.12065121e-08
 4.185720399e-08	 4.185720399e-08
 4.020696156e-08	 4.020696156e-08
 3.83282011e-08	 3.83282011e-08
 3.805871853e-08	 3.805871853e-08
 3.499285688e-08	 3.499285688e-08
 3.235357074e-08	 3.235357074e-08
 3.146875889e-08	 3.146875889e-08
 3.105949347e-08	 3.105949347e-08
 3.18497618e-08	 3.18497618e-08
 3.299708754e-08	 3.299708754e-08
 3.549142364e-08	 3.549142364e-08
 3.580947167e-08	 3.580947167e-08
 3.593465319e-08	 3.593465319e-08
 3.470866015e-08	 3.470866015e-08
 3.390553911e-08	 3.390553911e-08
 3.283497014e-08	 3.283497014e-08
 3.085586941e-08	 3.085586941e-08
 3.201839656e-08	 3.201839656e-08
 3.469079969e-08	 3.469079969e-08
 3.533623291e-08	 3.533623291e-08
