 0.08687510135	 0.08687510135
 0.1752045304	 0.1752045304
 0.1036690893	 0.1036690893
 0.08400682887	 0.08400682887
 0.1317412581	 0.1317412581
 0.05776094395	 0.05776094395
 0.1915921287	 0.1915921287
 0.04893009052	 0.04893009052
 0.3594315947	 0.3594315947
 0.04295368364	 0.04295368364
 0.2043541715	 0.2043541715
 0.03796733868	 0.03796733868
 0.1336501335	 0.1336501335
 0.03135799237	 0.03135799237
 0.1149418721	 0.1149418721
 0.02682025052	 0.02682025052
 0.1158626483	 0.1158626483
 0.04976232271	 0.04976232271
 0.1242188073	 0.1242188073
 0.1351341172	 0.1351341172
 0.1399720812	 0.1399720812
 0.08093653532	 0.08093653532
 0.1655825095	 0.1655825095
 0.06618592641	 0.06618592641
 0.2073551104	 0.2073551104
 0.05779102744	 0.05779102744
 0.2738734143	 0.2738734143
 0.05144632341	 0.05144632341
 0.2935649885	 0.2935649885
 0.04628232748	 0.04628232748
 0.2300506012	 0.2300506012
 0.04310500326	 0.04310500326
 0.2120575798	 0.2120575798
 0.0701201685	 0.0701201685
 0.2165131117	 0.2165131117
 0.07850881689	 0.07850881689
 0.2418102337	 0.2418102337
 0.06043931228	 0.06043931228
 0.2980682374	 0.2980682374
 0.05033552726	 0.05033552726
 0.2820554716	 0.2820554716
 0.04460522059	 0.04460522059
 0.2253168983	 0.2253168983
 0.04059184549	 0.04059184549
 0.1927945928	 0.1927945928
 0.03549028716	 0.03549028716
 0.1751835531	 0.1751835531
 0.02871076409	 0.02871076409
 0.1666872217	 0.1666872217
 0.02962192785	 0.02962192785
 0.1626918215	 0.1626918215
 0.05453806606	 0.05453806606
 0.1644520574	 0.1644520574
 0.08032026173	 0.08032026173
 0.1711633979	 0.1711633979
 0.06831755273	 0.06831755273
 0.184334073	 0.184334073
 0.061856137	 0.061856137
 0.2056869819	 0.2056869819
 0.05726893554	 0.05726893554
 0.231001702	 0.231001702
 0.05501913854	 0.05501913854
 0.2530435949	 0.2530435949
 0.05353379805	 0.05353379805
 0.2628086883	 0.2628086883
 0.04575454886	 0.04575454886
 0.2590142147	 0.2590142147
 0.04158741193	 0.04158741193
 0.2444919763	 0.2444919763
 0.03828050386	 0.03828050386
 0.2237693702	 0.2237693702
 0.03574449168	 0.03574449168
 0.2021046496	 0.2021046496
 0.03289497342	 0.03289497342
 0.1844161054	 0.1844161054
 0.03057363346	 0.03057363346
 0.1713736209	 0.1713736209
 0.02864555259	 0.02864555259
 0.1627810097	 0.1627810097
 0.02734893792	 0.02734893792
 0.1575285183	 0.1575285183
 0.02548775463	 0.02548775463
 0.1546881934	 0.1546881934
 0.02451352321	 0.02451352321
 0.153442178	 0.153442178
 0.02667740871	 0.02667740871
 0.1544114308	 0.1544114308
 0.02937828521	 0.02937828521
 0.1569540922	 0.1569540922
 0.03081638844	 0.03081638844
 0.1600886474	 0.1600886474
 0.03094360738	 0.03094360738
 0.1630859727	 0.1630859727
 0.02951668148	 0.02951668148
 0.1652710361	 0.1652710361
 0.02720985534	 0.02720985534
 0.1663742456	 0.1663742456
 0.02503108766	 0.02503108766
 0.16637811	 0.16637811
 0.02428579328	 0.02428579328
 0.1654681355	 0.1654681355
 0.02397669316	 0.02397669316
 0.1630004685	 0.1630004685
 0.02322839928	 0.02322839928
 0.1595741564	 0.1595741564
 0.0216393892	 0.0216393892
 0.1561603835	 0.1561603835
 0.02093239075	 0.02093239075
 0.1528125159	 0.1528125159
 0.01965776376	 0.01965776376
 0.1496855445	 0.1496855445
 0.01884968293	 0.01884968293
 0.1465951364	 0.1465951364
 0.01814249637	 0.01814249637
 0.1438921071	 0.1438921071
 0.01785759652	 0.01785759652
 0.141968398	 0.141968398
 0.01767598546	 0.01767598546
 0.1406570749	 0.1406570749
 0.01756683916	 0.01756683916
 0.1397262425	 0.1397262425
 0.017651735	 0.017651735
 0.1394930051	 0.1394930051
 0.01783168068	 0.01783168068
 0.1395907768	 0.1395907768
 0.01760843577	 0.01760843577
 0.139962362	 0.139962362
 0.01710494807	 0.01710494807
 0.1403587718	 0.1403587718
 0.01677618392	 0.01677618392
 0.1404931534	 0.1404931534
 0.01629587798	 0.01629587798
 0.140923603	 0.140923603
 0.01581260385	 0.01581260385
 0.1416532767	 0.1416532767
 0.01550476812	 0.01550476812
 0.1418998842	 0.1418998842
 0.01501518396	 0.01501518396
 0.1417622717	 0.1417622717
 0.014520924	 0.014520924
 0.1414549152	 0.1414549152
 0.01411093346	 0.01411093346
 0.1409936812	 0.1409936812
 0.0136586027	 0.0136586027
 0.1405038336	 0.1405038336
 0.01340994205	 0.01340994205
 0.1395546546	 0.1395546546
 0.01322952338	 0.01322952338
 0.1387038395	 0.1387038395
 0.01305975488	 0.01305975488
 0.1378550895	 0.1378550895
 0.01287631191	 0.01287631191
 0.1369613002	 0.1369613002
 0.01275955862	 0.01275955862
 0.1361189559	 0.1361189559
 0.01267653869	 0.01267653869
 0.1351323235	 0.1351323235
 0.01258824298	 0.01258824298
 0.1341274287	 0.1341274287
 0.01243038087	 0.01243038087
 0.1332361821	 0.1332361821
 0.01226328789	 0.01226328789
 0.1324142516	 0.1324142516
 0.01197797121	 0.01197797121
 0.1314185421	 0.1314185421
 0.01170075417	 0.01170075417
 0.1306727113	 0.1306727113
 0.01135539133	 0.01135539133
 0.1298478169	 0.1298478169
 0.01102189778	 0.01102189778
 0.1289203134	 0.1289203134
 0.01071875167	 0.01071875167
 0.1276887271	 0.1276887271
 0.0103976526	 0.0103976526
 0.1265814756	 0.1265814756
 0.01020812889	 0.01020812889
 0.1253425157	 0.1253425157
 0.01003974591	 0.01003974591
 0.1238690462	 0.1238690462
 0.009955059833	 0.009955059833
 0.1224652548	 0.1224652548
 0.00987973494	 0.00987973494
 0.1210696843	 0.1210696843
 0.009773810346	 0.009773810346
 0.1195804013	 0.1195804013
 0.009680878421	 0.009680878421
 0.1182922887	 0.1182922887
 0.009608472065	 0.009608472065
 0.1170305421	 0.1170305421
 0.009534146527	 0.009534146527
 0.1157324328	 0.1157324328
 0.00946935204	 0.00946935204
 0.1144371948	 0.1144371948
 0.009379333434	 0.009379333434
 0.1131984957	 0.1131984957
 0.009239051365	 0.009239051365
 0.1119538112	 0.1119538112
 0.009068726266	 0.009068726266
 0.1109881517	 0.1109881517
 0.008886975111	 0.008886975111
 0.1100382886	 0.1100382886
 0.008782094994	 0.008782094994
 0.1092528823	 0.1092528823
 0.008728946657	 0.008728946657
 0.1085320568	 0.1085320568
 0.008709481323	 0.008709481323
 0.1076804034	 0.1076804034
 0.008643071535	 0.008643071535
 0.1067710355	 0.1067710355
 0.008560054104	 0.008560054104
 0.105822123	 0.105822123
 0.008417037926	 0.008417037926
 0.1047010908	 0.1047010908
 0.008229944017	 0.008229944017
 0.1035751908	 0.1035751908
 0.008047505886	 0.008047505886
 0.1024745324	 0.1024745324
 0.00788190655	 0.00788190655
 0.1015739109	 0.1015739109
 0.007721898484	 0.007721898484
 0.1007861376	 0.1007861376
 0.00756903048	 0.00756903048
 0.09994653127	 0.09994653127
 0.007415978893	 0.007415978893
 0.09908788153	 0.09908788153
 0.007276231765	 0.007276231765
 0.09832361273	 0.09832361273
 0.007143006383	 0.007143006383
 0.09765283938	 0.09765283938
 0.007049451223	 0.007049451223
 0.0970141413	 0.0970141413
 0.006969711898	 0.006969711898
 0.09655492025	 0.09655492025
 0.006901390948	 0.006901390948
 0.09621246567	 0.09621246567
 0.006874192516	 0.006874192516
 0.09576058389	 0.09576058389
 0.006890937127	 0.006890937127
 0.09547858975	 0.09547858975
 0.006907788132	 0.006907788132
 0.09524581506	 0.09524581506
 0.006919560921	 0.006919560921
 0.09502488114	 0.09502488114
 0.006916811189	 0.006916811189
 0.09475129319	 0.09475129319
 0.006890747793	 0.006890747793
 0.09453872844	 0.09453872844
 0.006842915601	 0.006842915601
 0.09433262084	 0.09433262084
 0.006793398906	 0.006793398906
 0.09434915805	 0.09434915805
 0.006736662395	 0.006736662395
 0.09440571298	 0.09440571298
 0.006726393917	 0.006726393917
 0.09444348438	 0.09444348438
 0.006707419748	 0.006707419748
 0.09455446686	 0.09455446686
 0.006691127785	 0.006691127785
 0.09464615456	 0.09464615456
 0.006618953283	 0.006618953283
 0.09466546968	 0.09466546968
 0.00654215156	 0.00654215156
 0.09467021161	 0.09467021161
 0.006500740899	 0.006500740899
 0.09462046478	 0.09462046478
 0.006469671877	 0.006469671877
 0.09468325049	 0.09468325049
 0.006414778962	 0.006414778962
 0.09482407417	 0.09482407417
 0.006343207798	 0.006343207798
 0.09497591338	 0.09497591338
 0.00630352298	 0.00630352298
 0.09526477392	 0.09526477392
 0.006294800135	 0.006294800135
 0.09568787571	 0.09568787571
 0.00629268858	 0.00629268858
 0.09612914307	 0.09612914307
 0.006324944357	 0.006324944357
 0.09656689443	 0.09656689443
 0.006348304321	 0.006348304321
 0.09709180117	 0.09709180117
 0.006351420988	 0.006351420988
 0.09770941219	 0.09770941219
 0.006298166369	 0.006298166369
 0.09846724591	 0.09846724591
 0.006246504651	 0.006246504651
 0.0991959018	 0.0991959018
 0.006196080548	 0.006196080548
 0.09971670189	 0.09971670189
 0.006178448671	 0.006178448671
 0.1001585717	 0.1001585717
 0.006135497796	 0.006135497796
 0.1003653199	 0.1003653199
 0.006113762718	 0.006113762718
 0.1004528731	 0.1004528731
 0.006096709942	 0.006096709942
 0.1005185827	 0.1005185827
 0.006075597947	 0.006075597947
 0.1006651894	 0.1006651894
 0.006016091056	 0.006016091056
 0.1008177019	 0.1008177019
 0.005938189876	 0.005938189876
 0.1009513525	 0.1009513525
 0.005894872122	 0.005894872122
 0.1009708739	 0.1009708739
 0.005862018571	 0.005862018571
 0.1009967522	 0.1009967522
 0.005852735611	 0.005852735611
 0.101006054	 0.101006054
 0.005854136118	 0.005854136118
 0.1009973935	 0.1009973935
 0.005839611917	 0.005839611917
 0.1009931981	 0.1009931981
 0.005826345494	 0.005826345494
 0.1010609816	 0.1010609816
 0.005849311913	 0.005849311913
 0.1011762643	 0.1011762643
 0.005913138048	 0.005913138048
 0.1011940964	 0.1011940964
 0.005913336187	 0.005913336187
 0.1013454201	 0.1013454201
 0.005940757516	 0.005940757516
 0.1015494277	 0.1015494277
 0.005935100269	 0.005935100269
 0.1020821945	 0.1020821945
 0.005918753451	 0.005918753451
 0.1027353334	 0.1027353334
 0.005868840604	 0.005868840604
 0.1031812264	 0.1031812264
 0.005836040402	 0.005836040402
 0.1034707854	 0.1034707854
 0.005818818857	 0.005818818857
 0.103803016	 0.103803016
 0.005797327549	 0.005797327549
 0.1042879229	 0.1042879229
 0.005780973348	 0.005780973348
 0.1048572419	 0.1048572419
 0.005777195749	 0.005777195749
 0.1056031829	 0.1056031829
 0.005719114032	 0.005719114032
 0.1062595451	 0.1062595451
 0.005647989669	 0.005647989669
 0.1067554735	 0.1067554735
 0.005622621369	 0.005622621369
 0.1073042567	 0.1073042567
 0.005601281902	 0.005601281902
 0.1080058062	 0.1080058062
 0.005562088638	 0.005562088638
 0.1087659615	 0.1087659615
 0.005529201274	 0.005529201274
 0.1093951742	 0.1093951742
 0.005533149464	 0.005533149464
 0.1096470514	 0.1096470514
 0.005529227409	 0.005529227409
 0.1095157858	 0.1095157858
 0.005548313654	 0.005548313654
 0.1093576822	 0.1093576822
 0.005473196431	 0.005473196431
 0.1093973397	 0.1093973397
 0.005450487359	 0.005450487359
 0.1096236699	 0.1096236699
 0.005497054649	 0.005497054649
 0.1101519561	 0.1101519561
 0.005512681291	 0.005512681291
 0.1108169644	 0.1108169644
 0.005512816213	 0.005512816213
 0.1116265389	 0.1116265389
 0.005542743858	 0.005542743858
 0.1126079035	 0.1126079035
 0.005559262974	 0.005559262974
 0.1135338907	 0.1135338907
 0.005535877559	 0.005535877559
 0.1144095533	 0.1144095533
 0.005517377237	 0.005517377237
 0.1151342362	 0.1151342362
 0.005432035321	 0.005432035321
 0.115587412	 0.115587412
 0.005357710409	 0.005357710409
 0.1160668564	 0.1160668564
 0.005288056454	 0.005288056454
 0.1168036869	 0.1168036869
 0.005223299614	 0.005223299614
 0.1176991309	 0.1176991309
 0.005154613169	 0.005154613169
 0.1185738281	 0.1185738281
 0.005367231876	 0.005367231876
 0.1193455433	 0.1193455433
 0.005313512435	 0.005313512435
 0.1195996009	 0.1195996009
 0.005190194453	 0.005190194453
 0.119989085	 0.119989085
 0.005111898177	 0.005111898177
 0.1201693317	 0.1201693317
 0.005051873662	 0.005051873662
 0.1206346942	 0.1206346942
 0.005057169601	 0.005057169601
 0.1213101549	 0.1213101549
 0.005070028746	 0.005070028746
 0.1220131506	 0.1220131506
 0.005106976275	 0.005106976275
 0.1227403046	 0.1227403046
 0.005156532095	 0.005156532095
 0.1233651786	 0.1233651786
 0.005244063052	 0.005244063052
 0.1235971551	 0.1235971551
 0.005288449066	 0.005288449066
 0.1237378288	 0.1237378288
 0.005324282467	 0.005324282467
 0.1238244265	 0.1238244265
 0.005362166408	 0.005362166408
 0.1234744289	 0.1234744289
 0.005368250522	 0.005368250522
 0.1228310866	 0.1228310866
 0.005335558792	 0.005335558792
 0.1220611227	 0.1220611227
 0.005308096514	 0.005308096514
 0.1211191245	 0.1211191245
 0.0053022789	 0.0053022789
 0.1198401336	 0.1198401336
 0.00528660047	 0.00528660047
 0.1182224139	 0.1182224139
 0.005284254884	 0.005284254884
 0.1165914212	 0.1165914212
 0.005234865148	 0.005234865148
 0.1148575676	 0.1148575676
 0.005185566522	 0.005185566522
 0.1133308962	 0.1133308962
 0.005103479589	 0.005103479589
 0.1120321805	 0.1120321805
 0.005026282875	 0.005026282875
 0.1106330878	 0.1106330878
 0.004944589421	 0.004944589421
 0.1093997474	 0.1093997474
 0.004915934003	 0.004915934003
 0.1080933652	 0.1080933652
 0.004910042056	 0.004910042056
 0.1067835222	 0.1067835222
 0.0048480375	 0.0048480375
 0.1054727037	 0.1054727037
 0.004847760123	 0.004847760123
 0.1045249629	 0.1045249629
 0.004848263727	 0.004848263727
 0.1041392045	 0.1041392045
 0.004880429142	 0.004880429142
 0.1039358452	 0.1039358452
 0.004917788811	 0.004917788811
 0.1041076273	 0.1041076273
 0.004949452161	 0.004949452161
 0.1040219697	 0.1040219697
 0.00489986877	 0.00489986877
 0.1040842047	 0.1040842047
 0.004867451509	 0.004867451509
 0.1044521519	 0.1044521519
 0.004789808461	 0.004789808461
 0.1046445279	 0.1046445279
 0.004738694761	 0.004738694761
 0.1049436245	 0.1049436245
 0.004662887277	 0.004662887277
 0.105246734	 0.105246734
 0.004618748041	 0.004618748041
 0.1056530629	 0.1056530629
 0.004553817815	 0.004553817815
 0.106743228	 0.106743228
 0.004518190816	 0.004518190816
 0.1078961263	 0.1078961263
 0.004488278236	 0.004488278236
 0.1087217436	 0.1087217436
 0.00448382965	 0.00448382965
 0.1090948114	 0.1090948114
 0.004458155808	 0.004458155808
 0.1090065047	 0.1090065047
 0.004522346096	 0.004522346096
 0.1083876141	 0.1083876141
 0.00455547394	 0.00455547394
 0.1070719638	 0.1070719638
 0.00453311783	 0.00453311783
 0.1051977418	 0.1051977418
 0.004494384595	 0.004494384595
 0.1030008281	 0.1030008281
 0.004457105257	 0.004457105257
 0.1005884045	 0.1005884045
 0.004414771143	 0.004414771143
 0.09782895368	 0.09782895368
 0.004323342582	 0.004323342582
 0.09463042839	 0.09463042839
 0.00423053582	 0.00423053582
 0.09148623417	 0.09148623417
 0.004118686584	 0.004118686584
 0.08843045856	 0.08843045856
 0.003977646419	 0.003977646419
 0.08511855085	 0.08511855085
 0.003857669434	 0.003857669434
 0.08200454858	 0.08200454858
 0.003746325929	 0.003746325929
 0.07947801782	 0.07947801782
 0.003714806199	 0.003714806199
 0.07795924081	 0.07795924081
 0.003630505694	 0.003630505694
 0.07704732206	 0.07704732206
 0.00364015652	 0.00364015652
 0.07648602076	 0.07648602076
 0.003587392895	 0.003587392895
 0.07583429136	 0.07583429136
 0.00354707702	 0.00354707702
 0.07499784092	 0.07499784092
 0.00324167032	 0.00324167032
 0.07390312653	 0.07390312653
 0.003225610654	 0.003225610654
 0.07273435386	 0.07273435386
 0.003160449222	 0.003160449222
 0.07171818236	 0.07171818236
 0.003123209498	 0.003123209498
 0.07067400868	 0.07067400868
 0.003106947288	 0.003106947288
 0.06966135163	 0.06966135163
 0.003034594988	 0.003034594988
 0.068914965	 0.068914965
 0.002997054756	 0.002997054756
 0.06816431807	 0.06816431807
 0.002967389542	 0.002967389542
 0.06739340859	 0.06739340859
 0.002963075815	 0.002963075815
 0.06675254659	 0.06675254659
 0.002937135809	 0.002937135809
 0.06623089203	 0.06623089203
 0.00292117236	 0.00292117236
 0.06610385438	 0.06610385438
 0.002928465633	 0.002928465633
 0.06612919097	 0.06612919097
 0.002943641314	 0.002943641314
 0.06618122325	 0.06618122325
 0.002942504236	 0.002942504236
 0.06629849391	 0.06629849391
 0.002930374504	 0.002930374504
 0.06657992652	 0.06657992652
 0.0029265206	 0.0029265206
 0.06675619637	 0.06675619637
 0.00293305296	 0.00293305296
 0.06695450532	 0.06695450532
 0.002961683731	 0.002961683731
 0.06725636898	 0.06725636898
 0.002975316088	 0.002975316088
 0.06745940588	 0.06745940588
 0.002982890198	 0.002982890198
 0.06778600364	 0.06778600364
 0.003005070998	 0.003005070998
 0.06805835138	 0.06805835138
 0.003031561098	 0.003031561098
 0.06830537403	 0.06830537403
 0.003061810672	 0.003061810672
 0.06871991967	 0.06871991967
 0.003091856377	 0.003091856377
 0.06937244514	 0.06937244514
 0.00309214065	 0.00309214065
 0.07036338495	 0.07036338495
 0.003067993835	 0.003067993835
 0.07158792308	 0.07158792308
 0.003044512155	 0.003044512155
 0.07301192866	 0.07301192866
 0.003065781874	 0.003065781874
 0.07444519943	 0.07444519943
 0.003078489894	 0.003078489894
 0.07580282351	 0.07580282351
 0.003110340588	 0.003110340588
 0.07710225122	 0.07710225122
 0.00335730278	 0.00335730278
 0.07832577995	 0.07832577995
 0.00338568442	 0.00338568442
 0.07957699648	 0.07957699648
 0.00342326135	 0.00342326135
 0.08090792225	 0.08090792225
 0.003475403771	 0.003475403771
 0.08197828243	 0.08197828243
 0.00350946337	 0.00350946337
 0.0826946057	 0.0826946057
 0.003569779314	 0.003569779314
 0.08338657586	 0.08338657586
 0.003645080699	 0.003645080699
 0.08396422395	 0.08396422395
 0.00364971773	 0.00364971773
 0.08419981525	 0.08419981525
 0.003669740736	 0.003669740736
 0.08444964844	 0.08444964844
 0.003724427535	 0.003724427535
 0.08496971032	 0.08496971032
 0.003756830022	 0.003756830022
 0.08560841591	 0.08560841591
 0.003786784574	 0.003786784574
 0.08606847986	 0.08606847986
 0.003778397773	 0.003778397773
 0.08621038572	 0.08621038572
 0.003755661057	 0.003755661057
 0.08600110811	 0.08600110811
 0.00376756433	 0.00376756433
 0.08590743444	 0.08590743444
 0.003800659407	 0.003800659407
 0.0857038086	 0.0857038086
 0.003811815815	 0.003811815815
 0.08543446562	 0.08543446562
 0.003833372919	 0.003833372919
 0.08496098932	 0.08496098932
 0.003807519218	 0.003807519218
 0.0844596864	 0.0844596864
 0.003780890435	 0.003780890435
 0.08391137862	 0.08391137862
 0.003692685136	 0.003692685136
 0.08299373709	 0.08299373709
 0.003628686143	 0.003628686143
 0.08196193477	 0.08196193477
 0.003573705936	 0.003573705936
 0.08053413089	 0.08053413089
 0.003530403482	 0.003530403482
 0.07892982498	 0.07892982498
 0.003500167727	 0.003500167727
 0.07707297015	 0.07707297015
 0.003449992032	 0.003449992032
 0.07528842296	 0.07528842296
 0.003396631556	 0.003396631556
 0.07368092315	 0.07368092315
 0.003387200914	 0.003387200914
 0.0724572336	 0.0724572336
 0.003375622908	 0.003375622908
 0.07163591853	 0.07163591853
 0.003374482904	 0.003374482904
 0.07108734296	 0.07108734296
 0.003353062268	 0.003353062268
 0.07083726501	 0.07083726501
 0.003330613189	 0.003330613189
 0.07067989806	 0.07067989806
 0.00334538177	 0.00334538177
 0.07040593162	 0.07040593162
 0.00336434413	 0.00336434413
 0.06988015938	 0.06988015938
 0.003422186577	 0.003422186577
 0.06904887086	 0.06904887086
 0.003430837789	 0.003430837789
 0.06789307696	 0.06789307696
 0.003412813372	 0.003412813372
 0.06669972435	 0.06669972435
 0.003397290293	 0.003397290293
 0.06545836568	 0.06545836568
 0.003389482584	 0.003389482584
 0.06433494952	 0.06433494952
 0.003375126407	 0.003375126407
 0.06316102467	 0.06316102467
 0.003370798999	 0.003370798999
 0.06203933789	 0.06203933789
 0.003346404363	 0.003346404363
 0.06084377659	 0.06084377659
 0.003337388435	 0.003337388435
 0.05961581084	 0.05961581084
 0.003336004461	 0.003336004461
 0.05833997123	 0.05833997123
 0.003184592074	 0.003184592074
 0.0570788908	 0.0570788908
 0.003210916158	 0.003210916158
 0.05595606595	 0.05595606595
 0.003236149626	 0.003236149626
 0.05494350766	 0.05494350766
 0.003251210913	 0.003251210913
 0.05396776366	 0.05396776366
 0.003242001545	 0.003242001545
 0.05308753666	 0.05308753666
 0.003239636848	 0.003239636848
 0.05240589965	 0.05240589965
 0.003228083865	 0.003228083865
 0.05196379248	 0.05196379248
 0.003205879494	 0.003205879494
 0.05171793485	 0.05171793485
 0.003189860344	 0.003189860344
 0.0515817212	 0.0515817212
 0.003169833325	 0.003169833325
 0.05148107723	 0.05148107723
 0.00313787417	 0.00313787417
 0.05148261747	 0.05148261747
 0.00310802385	 0.00310802385
 0.05136293035	 0.05136293035
 0.003077213567	 0.003077213567
 0.05121575018	 0.05121575018
 0.00306059666	 0.00306059666
 0.05100577876	 0.05100577876
 0.003066245043	 0.003066245043
 0.05070686491	 0.05070686491
 0.003062683903	 0.003062683903
 0.05052495124	 0.05052495124
 0.003050962575	 0.003050962575
 0.05056432719	 0.05056432719
 0.003046127815	 0.003046127815
 0.05092045938	 0.05092045938
 0.003052422616	 0.003052422616
 0.05132212894	 0.05132212894
 0.003065767785	 0.003065767785
 0.05149622528	 0.05149622528
 0.003075847168	 0.003075847168
 0.0514485921	 0.0514485921
 0.00308668715	 0.00308668715
 0.05118922023	 0.05118922023
 0.00309083607	 0.00309083607
 0.05063849754	 0.05063849754
 0.003095710777	 0.003095710777
 0.04990601681	 0.04990601681
 0.003103063738	 0.003103063738
 0.04903220214	 0.04903220214
 0.003079296565	 0.003079296565
 0.04816130901	 0.04816130901
 0.003078779919	 0.003078779919
 0.0475310325	 0.0475310325
 0.003092273235	 0.003092273235
 0.04721007473	 0.04721007473
 0.003098151293	 0.003098151293
 0.04712626635	 0.04712626635
 0.003103245423	 0.003103245423
 0.04724421785	 0.04724421785
 0.003113309115	 0.003113309115
 0.04743399356	 0.04743399356
 0.003115902102	 0.003115902102
 0.04763015364	 0.04763015364
 0.003132641518	 0.003132641518
 0.04785003423	 0.04785003423
 0.003150235305	 0.003150235305
 0.04802458811	 0.04802458811
 0.00316654508	 0.00316654508
 0.04814795206	 0.04814795206
 0.003175221772	 0.003175221772
 0.04822058077	 0.04822058077
 0.003195824394	 0.003195824394
 0.04824580448	 0.04824580448
 0.003208674266	 0.003208674266
 0.04820231649	 0.04820231649
 0.003217841569	 0.003217841569
 0.04813323032	 0.04813323032
 0.00323539616	 0.00323539616
 0.04808616083	 0.04808616083
 0.003233084858	 0.003233084858
 0.04805727575	 0.04805727575
 0.003227092206	 0.003227092206
 0.04803311503	 0.04803311503
 0.003224734737	 0.003224734737
 0.04795950987	 0.04795950987
 0.003243094961	 0.003243094961
 0.0478403037	 0.0478403037
 0.00325771641	 0.00325771641
 0.04770806889	 0.04770806889
 0.003233969175	 0.003233969175
 0.04748826674	 0.04748826674
 0.00323162227	 0.00323162227
 0.04723366632	 0.04723366632
 0.00322436555	 0.00322436555
 0.04688925018	 0.04688925018
 0.003221430978	 0.003221430978
 0.04649353621	 0.04649353621
 0.003220520404	 0.003220520404
 0.04604988559	 0.04604988559
 0.003224171821	 0.003224171821
 0.0455666289	 0.0455666289
 0.0032631864	 0.0032631864
 0.04512868882	 0.04512868882
 0.003266588452	 0.003266588452
 0.04472621393	 0.04472621393
 0.003255124219	 0.003255124219
 0.04431195685	 0.04431195685
 0.003235057072	 0.003235057072
 0.04378189054	 0.04378189054
 0.003221839422	 0.003221839422
 0.04313956631	 0.04313956631
 0.003195975236	 0.003195975236
 0.04246903716	 0.04246903716
 0.003163295629	 0.003163295629
 0.0417760979	 0.0417760979
 0.003158275561	 0.003158275561
 0.04109061705	 0.04109061705
 0.003165139703	 0.003165139703
 0.04046226102	 0.04046226102
 0.003129184039	 0.003129184039
 0.03992883381	 0.03992883381
 0.003079985617	 0.003079985617
 0.03947148602	 0.03947148602
 0.003052828953	 0.003052828953
 0.03908085348	 0.03908085348
 0.002988725145	 0.002988725145
 0.03881858043	 0.03881858043
 0.002993247915	 0.002993247915
 0.03865073786	 0.03865073786
 0.002984543171	 0.002984543171
 0.03854611435	 0.03854611435
 0.002977820724	 0.002977820724
 0.03854400815	 0.03854400815
 0.002991587678	 0.002991587678
 0.03873362467	 0.03873362467
 0.002993055082	 0.002993055082
 0.0390893132	 0.0390893132
 0.002995768608	 0.002995768608
 0.03950818004	 0.03950818004
 0.00299509391	 0.00299509391
 0.04000283174	 0.04000283174
 0.002989301743	 0.002989301743
 0.04055179647	 0.04055179647
 0.002965042289	 0.002965042289
 0.04111991457	 0.04111991457
 0.002940707709	 0.002940707709
 0.04166736232	 0.04166736232
 0.002930441452	 0.002930441452
 0.0422852107	 0.0422852107
 0.002943365204	 0.002943365204
 0.04296244861	 0.04296244861
 0.002956735346	 0.002956735346
 0.04361895466	 0.04361895466
 0.002990928323	 0.002990928323
 0.04424381124	 0.04424381124
 0.003040232425	 0.003040232425
 0.04481025324	 0.04481025324
 0.003066537683	 0.003066537683
 0.04533684181	 0.04533684181
 0.003066853161	 0.003066853161
 0.04578572482	 0.04578572482
 0.003060322416	 0.003060322416
 0.04620467694	 0.04620467694
 0.003069477152	 0.003069477152
 0.04662727037	 0.04662727037
 0.003106736774	 0.003106736774
 0.04709155636	 0.04709155636
 0.003127657109	 0.003127657109
 0.04760594296	 0.04760594296
 0.003116782392	 0.003116782392
 0.04814986927	 0.04814986927
 0.003141436831	 0.003141436831
 0.04869806133	 0.04869806133
 0.003160502591	 0.003160502591
 0.0491731907	 0.0491731907
 0.003188804706	 0.003188804706
 0.04962806179	 0.04962806179
 0.003181614642	 0.003181614642
 0.05012959559	 0.05012959559
 0.003207530024	 0.003207530024
 0.05064938716	 0.05064938716
 0.003241423941	 0.003241423941
 0.05117423848	 0.05117423848
 0.003265720951	 0.003265720951
 0.05174243161	 0.05174243161
 0.003278458278	 0.003278458278
 0.05229640541	 0.05229640541
 0.003303408446	 0.003303408446
 0.05276311021	 0.05276311021
 0.003312936347	 0.003312936347
 0.05324551739	 0.05324551739
 0.003332128107	 0.003332128107
 0.0537700428	 0.0537700428
 0.003362359029	 0.003362359029
 0.05428558571	 0.05428558571
 0.003396087197	 0.003396087197
 0.05480379163	 0.05480379163
 0.003412400175	 0.003412400175
 0.05532460705	 0.05532460705
 0.003451875613	 0.003451875613
 0.05580150418	 0.05580150418
 0.003478392285	 0.003478392285
 0.05625205428	 0.05625205428
 0.003523938538	 0.003523938538
 0.05662248074	 0.05662248074
 0.003570333119	 0.003570333119
 0.05696334014	 0.05696334014
 0.003594568058	 0.003594568058
 0.05723909909	 0.05723909909
 0.003638172352	 0.003638172352
 0.057443224	 0.057443224
 0.003702640703	 0.003702640703
 0.05755942957	 0.05755942957
 0.0037370395	 0.0037370395
 0.0577016934	 0.0577016934
 0.003785550998	 0.003785550998
 0.05786394593	 0.05786394593
 0.003821594658	 0.003821594658
 0.05800238528	 0.05800238528
 0.003840135621	 0.003840135621
 0.05806295629	 0.05806295629
 0.003860961396	 0.003860961396
 0.05805776085	 0.05805776085
 0.003882138417	 0.003882138417
 0.05807851736	 0.05807851736
 0.003935758995	 0.003935758995
 0.05808105677	 0.05808105677
 0.003941585177	 0.003941585177
 0.05808312286	 0.05808312286
 0.00394830445	 0.00394830445
 0.05809192395	 0.05809192395
 0.003956391937	 0.003956391937
 0.05808290421	 0.05808290421
 0.004001434477	 0.004001434477
 0.05806998619	 0.05806998619
 0.004047182196	 0.004047182196
 0.05806611617	 0.05806611617
 0.004075578529	 0.004075578529
 0.05801728856	 0.05801728856
 0.004083537877	 0.004083537877
 0.05796227824	 0.05796227824
 0.004066723839	 0.004066723839
 0.0578939898	 0.0578939898
 0.004055743792	 0.004055743792
 0.05791263159	 0.05791263159
 0.004050723719	 0.004050723719
 0.057970394	 0.057970394
 0.00404530759	 0.00404530759
 0.05793758888	 0.05793758888
 0.004040366644	 0.004040366644
 0.05783332831	 0.05783332831
 0.004024559464	 0.004024559464
 0.05770408327	 0.05770408327
 0.004004457913	 0.004004457913
 0.05759280038	 0.05759280038
 0.003980884127	 0.003980884127
 0.05752571778	 0.05752571778
 0.003979894605	 0.003979894605
 0.05737777261	 0.05737777261
 0.003978455926	 0.003978455926
 0.05718665958	 0.05718665958
 0.003965045927	 0.003965045927
 0.05696970023	 0.05696970023
 0.003964136502	 0.003964136502
 0.05673141351	 0.05673141351
 0.003972869231	 0.003972869231
 0.05642923183	 0.05642923183
 0.003977751609	 0.003977751609
 0.05607678663	 0.05607678663
 0.003974045561	 0.003974045561
 0.05569332217	 0.05569332217
 0.003983784599	 0.003983784599
 0.05528298603	 0.05528298603
 0.003996199675	 0.003996199675
 0.05484483153	 0.05484483153
 0.003985758349	 0.003985758349
 0.05441024714	 0.05441024714
 0.003962498932	 0.003962498932
 0.05399956859	 0.05399956859
 0.003963080042	 0.003963080042
 0.05360172848	 0.05360172848
 0.003959477494	 0.003959477494
 0.05319337245	 0.05319337245
 0.003946295013	 0.003946295013
 0.0527466762	 0.0527466762
 0.003964055265	 0.003964055265
 0.05228575886	 0.05228575886
 0.003997040661	 0.003997040661
 0.05182762631	 0.05182762631
 0.00401450339	 0.00401450339
 0.05137740043	 0.05137740043
 0.004005095399	 0.004005095399
 0.0509174914	 0.0509174914
 0.004010204685	 0.004010204685
 0.05043786725	 0.05043786725
 0.0039980487	 0.0039980487
 0.04996201902	 0.04996201902
 0.003988424377	 0.003988424377
 0.04962373551	 0.04962373551
 0.003980094202	 0.003980094202
 0.04937375913	 0.04937375913
 0.003991658598	 0.003991658598
 0.04919811013	 0.04919811013
 0.003997389644	 0.003997389644
 0.04902116089	 0.04902116089
 0.00399973392	 0.00399973392
 0.04881981284	 0.04881981284
 0.003990519109	 0.003990519109
 0.04862527847	 0.04862527847
 0.003992303579	 0.003992303579
 0.04841425522	 0.04841425522
 0.003998057713	 0.003998057713
 0.04819451744	 0.04819451744
 0.004013058916	 0.004013058916
 0.04800478557	 0.04800478557
 0.004030114394	 0.004030114394
 0.04782223147	 0.04782223147
 0.004033241655	 0.004033241655
 0.04768883086	 0.04768883086
 0.004031009279	 0.004031009279
 0.04759264583	 0.04759264583
 0.004011918991	 0.004011918991
 0.04745536702	 0.04745536702
 0.004002127601	 0.004002127601
 0.04728491202	 0.04728491202
 0.003998599044	 0.003998599044
 0.04713759769	 0.04713759769
 0.003996260178	 0.003996260178
 0.04704354774	 0.04704354774
 0.003999462121	 0.003999462121
 0.04692081672	 0.04692081672
 0.004012872385	 0.004012872385
 0.04679238679	 0.04679238679
 0.004041287199	 0.004041287199
 0.04664757067	 0.04664757067
 0.004057742179	 0.004057742179
 0.0464709744	 0.0464709744
 0.004054150002	 0.004054150002
 0.04627889952	 0.04627889952
 0.004042732002	 0.004042732002
 0.04611900499	 0.04611900499
 0.004054797999	 0.004054797999
 0.04599103986	 0.04599103986
 0.004070081147	 0.004070081147
 0.04587318087	 0.04587318087
 0.00407907064	 0.00407907064
 0.04573304504	 0.04573304504
 0.004113379689	 0.004113379689
 0.04553730651	 0.04553730651
 0.004139566564	 0.004139566564
 0.04535457389	 0.04535457389
 0.004154382423	 0.004154382423
 0.04521688059	 0.04521688059
 0.004159879475	 0.004159879475
 0.04506815042	 0.04506815042
 0.004156109883	 0.004156109883
 0.04489785137	 0.04489785137
 0.004151509644	 0.004151509644
 0.04468267246	 0.04468267246
 0.004170434788	 0.004170434788
 0.04444451395	 0.04444451395
 0.0041719947	 0.0041719947
 0.04419406546	 0.04419406546
 0.004164855436	 0.004164855436
 0.04393803115	 0.04393803115
 0.004155048536	 0.004155048536
 0.04373839154	 0.04373839154
 0.004135250866	 0.004135250866
 0.04361414904	 0.04361414904
 0.004100746791	 0.004100746791
 0.04367652483	 0.04367652483
 0.004071614119	 0.004071614119
 0.04390932694	 0.04390932694
 0.0041146532	 0.0041146532
 0.04431012304	 0.04431012304
 0.00412398181	 0.00412398181
 0.04480474999	 0.04480474999
 0.004128035901	 0.004128035901
 0.04539880889	 0.04539880889
 0.004128524942	 0.004128524942
 0.04600485218	 0.04600485218
 0.004124061219	 0.004124061219
 0.04662160492	 0.04662160492
 0.004126633747	 0.004126633747
 0.0472348181	 0.0472348181
 0.00411699582	 0.00411699582
 0.04783251612	 0.04783251612
 0.004117268306	 0.004117268306
 0.04844304354	 0.04844304354
 0.004123349226	 0.004123349226
 0.04900416749	 0.04900416749
 0.004138005365	 0.004138005365
 0.04942871692	 0.04942871692
 0.004142826242	 0.004142826242
 0.04972694634	 0.04972694634
 0.004152773393	 0.004152773393
 0.04998547528	 0.04998547528
 0.004164181874	 0.004164181874
 0.05019467385	 0.05019467385
 0.004161284502	 0.004161284502
 0.05034146663	 0.05034146663
 0.004142969652	 0.004142969652
 0.050393231	 0.050393231
 0.004124002903	 0.004124002903
 0.05041438477	 0.05041438477
 0.004120358121	 0.004120358121
 0.0504289776	 0.0504289776
 0.004121178159	 0.004121178159
 0.05045383693	 0.05045383693
 0.004092972741	 0.004092972741
 0.05050954763	 0.05050954763
 0.003950893395	 0.003950893395
 0.05061986432	 0.05061986432
 0.003927224628	 0.003927224628
 0.05069999942	 0.05069999942
 0.003902291781	 0.003902291781
 0.05072739987	 0.05072739987
 0.00384757475	 0.00384757475
 0.05070222567	 0.05070222567
 0.003812617572	 0.003812617572
 0.05062803126	 0.05062803126
 0.003892363347	 0.003892363347
 0.05049341919	 0.05049341919
 0.003866730666	 0.003866730666
 0.05035305178	 0.05035305178
 0.003840777143	 0.003840777143
 0.05017648366	 0.05017648366
 0.003800875233	 0.003800875233
 0.04998257281	 0.04998257281
 0.003760881896	 0.003760881896
 0.04976754233	 0.04976754233
 0.003715187476	 0.003715187476
 0.04946741851	 0.04946741851
 0.003683399642	 0.003683399642
 0.04915659895	 0.04915659895
 0.003674565357	 0.003674565357
 0.04888940292	 0.04888940292
 0.003669026534	 0.003669026534
 0.0485511184	 0.0485511184
 0.003643230645	 0.003643230645
 0.04811671985	 0.04811671985
 0.003601665773	 0.003601665773
 0.04762819723	 0.04762819723
 0.003575425048	 0.003575425048
 0.04713321382	 0.04713321382
 0.003570940714	 0.003570940714
 0.04668754001	 0.04668754001
 0.003554324991	 0.003554324991
 0.04628497684	 0.04628497684
 0.003541255528	 0.003541255528
 0.04593233647	 0.04593233647
 0.003526493162	 0.003526493162
 0.04561852378	 0.04561852378
 0.003517488737	 0.003517488737
 0.04533805881	 0.04533805881
 0.003510986922	 0.003510986922
 0.04509901469	 0.04509901469
 0.003488901461	 0.003488901461
 0.04489196117	 0.04489196117
 0.003471382738	 0.003471382738
 0.04472909762	 0.04472909762
 0.00345468897	 0.00345468897
 0.04452594305	 0.04452594305
 0.003427140159	 0.003427140159
 0.0443255268	 0.0443255268
 0.003402147121	 0.003402147121
 0.04420960574	 0.04420960574
 0.003386007993	 0.003386007993
 0.04416370502	 0.04416370502
 0.003369675886	 0.003369675886
 0.04420984241	 0.04420984241
 0.003368936642	 0.003368936642
 0.04431604081	 0.04431604081
 0.003368230474	 0.003368230474
 0.04450732063	 0.04450732063
 0.003367411096	 0.003367411096
 0.04483032893	 0.04483032893
 0.003373615679	 0.003373615679
 0.04529613701	 0.04529613701
 0.003380791751	 0.003380791751
 0.04588272443	 0.04588272443
 0.003397937412	 0.003397937412
 0.04656743717	 0.04656743717
 0.003419882591	 0.003419882591
 0.0473217812	 0.0473217812
 0.003446803609	 0.003446803609
 0.04810023488	 0.04810023488
 0.003476105326	 0.003476105326
 0.04884973689	 0.04884973689
 0.003503861526	 0.003503861526
 0.04959122582	 0.04959122582
 0.003524846368	 0.003524846368
 0.05031173811	 0.05031173811
 0.003558562754	 0.003558562754
 0.05098073257	 0.05098073257
 0.003577870209	 0.003577870209
 0.051632723	 0.051632723
 0.003595228359	 0.003595228359
 0.05231044366	 0.05231044366
 0.003605232142	 0.003605232142
 0.05290600473	 0.05290600473
 0.003625350841	 0.003625350841
 0.0534273192	 0.0534273192
 0.003627793543	 0.003627793543
 0.05389670908	 0.05389670908
 0.003644560037	 0.003644560037
 0.05434167861	 0.05434167861
 0.003655608722	 0.003655608722
 0.05471655918	 0.05471655918
 0.003680324393	 0.003680324393
 0.05504974939	 0.05504974939
 0.003712161097	 0.003712161097
 0.05544657983	 0.05544657983
 0.003731405929	 0.003731405929
 0.05592929631	 0.05592929631
 0.003712913032	 0.003712913032
 0.05642032742	 0.05642032742
 0.003708235557	 0.003708235557
 0.05690969793	 0.05690969793
 0.00372345296	 0.00372345296
 0.0572904988	 0.0572904988
 0.003727383043	 0.003727383043
 0.05757896706	 0.05757896706
 0.003696966405	 0.003696966405
 0.05773232446	 0.05773232446
 0.003709920521	 0.003709920521
 0.05773945322	 0.05773945322
 0.003713136725	 0.003713136725
 0.05766555427	 0.05766555427
 0.003687489956	 0.003687489956
 0.05753501219	 0.05753501219
 0.003685488742	 0.003685488742
 0.0573732591	 0.0573732591
 0.003708446062	 0.003708446062
 0.05723340499	 0.05723340499
 0.003734747576	 0.003734747576
 0.05706687124	 0.05706687124
 0.003757819374	 0.003757819374
 0.05699010656	 0.05699010656
 0.00377464998	 0.00377464998
 0.05696449104	 0.05696449104
 0.003800942799	 0.003800942799
 0.05700974028	 0.05700974028
 0.003805210478	 0.003805210478
 0.05702681458	 0.05702681458
 0.003826944922	 0.003826944922
 0.05696107267	 0.05696107267
 0.003858742535	 0.003858742535
 0.05678831034	 0.05678831034
 0.003882836048	 0.003882836048
 0.05647388447	 0.05647388447
 0.003881979671	 0.003881979671
 0.05600592637	 0.05600592637
 0.003862304002	 0.003862304002
 0.05552208174	 0.05552208174
 0.003830227118	 0.003830227118
 0.05503933877	 0.05503933877
 0.003826203208	 0.003826203208
 0.05455677693	 0.05455677693
 0.003805691761	 0.003805691761
 0.05408817948	 0.05408817948
 0.003780686084	 0.003780686084
 0.05363871416	 0.05363871416
 0.003745736733	 0.003745736733
 0.0532961483	 0.0532961483
 0.003731604492	 0.003731604492
 0.05300796853	 0.05300796853
 0.003718828798	 0.003718828798
 0.05274930243	 0.05274930243
 0.003704939262	 0.003704939262
 0.05242483823	 0.05242483823
 0.003689205137	 0.003689205137
 0.05203863126	 0.05203863126
 0.003667353571	 0.003667353571
 0.0515702694	 0.0515702694
 0.003642327994	 0.003642327994
 0.0511245297	 0.0511245297
 0.003630902641	 0.003630902641
 0.0507341991	 0.0507341991
 0.003634225253	 0.003634225253
 0.05036419437	 0.05036419437
 0.003628584848	 0.003628584848
 0.04997507127	 0.04997507127
 0.00363078727	 0.00363078727
 0.04964168451	 0.04964168451
 0.003647894792	 0.003647894792
 0.04938155776	 0.04938155776
 0.003631393704	 0.003631393704
 0.04918511685	 0.04918511685
 0.003614681977	 0.003614681977
 0.04897121781	 0.04897121781
 0.003616424304	 0.003616424304
 0.0487562482	 0.0487562482
 0.003624547162	 0.003624547162
 0.04857263138	 0.04857263138
 0.003633022185	 0.003633022185
 0.04835557737	 0.04835557737
 0.00363769687	 0.00363769687
 0.04816270371	 0.04816270371
 0.003656312417	 0.003656312417
 0.04797709544	 0.04797709544
 0.003672630536	 0.003672630536
 0.04786889885	 0.04786889885
 0.003663361629	 0.003663361629
 0.04784803568	 0.04784803568
 0.003678330742	 0.003678330742
 0.04779396163	 0.04779396163
 0.00369381686	 0.00369381686
 0.04770999834	 0.04770999834
 0.003702434463	 0.003702434463
 0.04764049855	 0.04764049855
 0.003695449429	 0.003695449429
 0.04757261814	 0.04757261814
 0.003679217039	 0.003679217039
 0.04746740818	 0.04746740818
 0.003672090791	 0.003672090791
 0.04734501395	 0.04734501395
 0.003672747423	 0.003672747423
 0.04720849603	 0.04720849603
 0.003690824355	 0.003690824355
 0.04710055449	 0.04710055449
 0.003691657723	 0.003691657723
 0.04701161965	 0.04701161965
 0.003712077847	 0.003712077847
 0.04684407507	 0.04684407507
 0.003739179695	 0.003739179695
 0.04668514243	 0.04668514243
 0.003770331318	 0.003770331318
 0.04649969261	 0.04649969261
 0.003790192802	 0.003790192802
 0.04625797034	 0.04625797034
 0.003787391151	 0.003787391151
 0.04601855358	 0.04601855358
 0.003781155817	 0.003781155817
 0.04574963137	 0.04574963137
 0.003784042931	 0.003784042931
 0.04551735826	 0.04551735826
 0.003792217369	 0.003792217369
 0.04533984279	 0.04533984279
 0.0037908595	 0.0037908595
 0.04514446751	 0.04514446751
 0.003787083814	 0.003787083814
 0.04491115729	 0.04491115729
 0.003771888722	 0.003771888722
 0.04470783462	 0.04470783462
 0.003724466991	 0.003724466991
 0.0445307108	 0.0445307108
 0.003687266262	 0.003687266262
 0.04437378461	 0.04437378461
 0.003706039893	 0.003706039893
 0.0442687261	 0.0442687261
 0.003700643722	 0.003700643722
 0.04420795665	 0.04420795665
 0.003699293907	 0.003699293907
 0.04412748103	 0.04412748103
 0.00371446444	 0.00371446444
 0.04403828308	 0.04403828308
 0.003766312993	 0.003766312993
 0.04402864122	 0.04402864122
 0.003734298541	 0.003734298541
 0.04419139165	 0.04419139165
 0.003763920905	 0.003763920905
 0.04443220145	 0.04443220145
 0.003769231032	 0.003769231032
 0.04476408571	 0.04476408571
 0.003774791236	 0.003774791236
 0.0451731116	 0.0451731116
 0.003846738141	 0.003846738141
 0.04565412738	 0.04565412738
 0.003831235752	 0.003831235752
 0.04613516293	 0.04613516293
 0.003800911389	 0.003800911389
 0.04664377682	 0.04664377682
 0.003776981843	 0.003776981843
 0.0472010455	 0.0472010455
 0.003755593622	 0.003755593622
 0.04771408189	 0.04771408189
 0.003742785625	 0.003742785625
 0.04814775131	 0.04814775131
 0.003742957218	 0.003742957218
 0.0485588806	 0.0485588806
 0.003745267953	 0.003745267953
 0.04891604504	 0.04891604504
 0.003744320104	 0.003744320104
 0.04918328049	 0.04918328049
 0.003693521844	 0.003693521844
 0.04938523869	 0.04938523869
 0.003659115966	 0.003659115966
 0.04955078759	 0.04955078759
 0.003618223695	 0.003618223695
 0.04961708833	 0.04961708833
 0.003571655921	 0.003571655921
 0.04970345251	 0.04970345251
 0.003562486379	 0.003562486379
 0.04982280686	 0.04982280686
 0.003549509855	 0.003549509855
 0.04996090691	 0.04996090691
 0.00353632108	 0.00353632108
 0.05006674251	 0.05006674251
 0.003524040134	 0.003524040134
 0.05015296266	 0.05015296266
 0.003525023223	 0.003525023223
 0.05025353414	 0.05025353414
 0.00351055854	 0.00351055854
 0.05034110293	 0.05034110293
 0.003500943721	 0.003500943721
 0.0503801737	 0.0503801737
 0.003488011448	 0.003488011448
 0.05041383617	 0.05041383617
 0.003476967551	 0.003476967551
 0.05042373929	 0.05042373929
 0.00346834856	 0.00346834856
 0.05036146793	 0.05036146793
 0.003444353976	 0.003444353976
 0.05027835466	 0.05027835466
 0.003418548997	 0.003418548997
 0.05019607104	 0.05019607104
 0.003397158146	 0.003397158146
 0.05014175835	 0.05014175835
 0.003251967545	 0.003251967545
 0.05018489794	 0.05018489794
 0.00324315379	 0.00324315379
 0.05026624299	 0.05026624299
 0.003238497188	 0.003238497188
 0.05037660865	 0.05037660865
 0.003242325973	 0.003242325973
 0.0504637921	 0.0504637921
 0.00325157991	 0.00325157991
 0.0504411601	 0.0504411601
 0.003249220575	 0.003249220575
 0.05038541405	 0.05038541405
 0.003243333524	 0.003243333524
 0.05032006629	 0.05032006629
 0.003229624312	 0.003229624312
 0.05025959137	 0.05025959137
 0.003211933419	 0.003211933419
 0.05021778061	 0.05021778061
 0.003201649802	 0.003201649802
 0.05015560348	 0.05015560348
 0.003329112716	 0.003329112716
 0.05007435816	 0.05007435816
 0.003303313082	 0.003303313082
 0.04991992287	 0.04991992287
 0.003271971818	 0.003271971818
 0.04970096755	 0.04970096755
 0.003253248811	 0.003253248811
 0.04945939879	 0.04945939879
 0.003236443871	 0.003236443871
 0.04924866395	 0.04924866395
 0.00321770071	 0.00321770071
 0.0490054441	 0.0490054441
 0.003204368073	 0.003204368073
 0.04875374687	 0.04875374687
 0.003197856447	 0.003197856447
 0.04848713817	 0.04848713817
 0.003187534704	 0.003187534704
 0.0482303829	 0.0482303829
 0.003204116343	 0.003204116343
 0.04798343414	 0.04798343414
 0.003201242629	 0.003201242629
 0.04774896093	 0.04774896093
 0.003201609712	 0.003201609712
 0.04750992545	 0.04750992545
 0.003206791317	 0.003206791317
 0.04730647845	 0.04730647845
 0.003202330749	 0.003202330749
 0.04709475413	 0.04709475413
 0.003189351243	 0.003189351243
 0.04689318188	 0.04689318188
 0.003199898674	 0.003199898674
 0.04673242852	 0.04673242852
 0.003219054048	 0.003219054048
 0.04671861988	 0.04671861988
 0.003219339752	 0.003219339752
 0.04676459941	 0.04676459941
 0.003224475707	 0.003224475707
 0.04687946831	 0.04687946831
 0.003230100317	 0.003230100317
 0.04705879465	 0.04705879465
 0.003243493811	 0.003243493811
 0.0472768652	 0.0472768652
 0.003263092574	 0.003263092574
 0.04753430559	 0.04753430559
 0.003289676056	 0.003289676056
 0.04788129929	 0.04788129929
 0.003332197167	 0.003332197167
 0.04830193181	 0.04830193181
 0.003355244102	 0.003355244102
 0.04873201515	 0.04873201515
 0.003355942253	 0.003355942253
 0.049179626	 0.049179626
 0.003395189193	 0.003395189193
 0.04962635767	 0.04962635767
 0.003437203118	 0.003437203118
 0.05005460085	 0.05005460085
 0.003491615377	 0.003491615377
 0.05046328713	 0.05046328713
 0.003525704275	 0.003525704275
 0.05090538452	 0.05090538452
 0.00354885176	 0.00354885176
 0.0513756576	 0.0513756576
 0.003551926515	 0.003551926515
 0.05189734119	 0.05189734119
 0.003546950422	 0.003546950422
 0.0523626809	 0.0523626809
 0.003545198009	 0.003545198009
 0.05269021272	 0.05269021272
 0.003572939799	 0.003572939799
 0.05298353224	 0.05298353224
 0.00358123618	 0.00358123618
 0.05335078909	 0.05335078909
 0.003561389928	 0.003561389928
 0.05373194997	 0.05373194997
 0.003533272363	 0.003533272363
 0.05407598508	 0.05407598508
 0.00350049646	 0.00350049646
 0.0544782379	 0.0544782379
 0.003475724448	 0.003475724448
 0.05494830775	 0.05494830775
 0.003466304366	 0.003466304366
 0.05549573586	 0.05549573586
 0.003491533427	 0.003491533427
 0.05605581995	 0.05605581995
 0.003530688558	 0.003530688558
 0.05665776276	 0.05665776276
 0.003570617339	 0.003570617339
 0.05727475863	 0.05727475863
 0.003590406176	 0.003590406176
 0.05793953182	 0.05793953182
 0.003630134385	 0.003630134385
 0.05859345434	 0.05859345434
 0.00364612571	 0.00364612571
 0.05914854619	 0.05914854619
 0.003674019909	 0.003674019909
 0.05957544594	 0.05957544594
 0.003714919885	 0.003714919885
 0.05989991022	 0.05989991022
 0.003721995856	 0.003721995856
 0.06010407396	 0.06010407396
 0.003705215502	 0.003705215502
 0.06021030464	 0.06021030464
 0.003720243928	 0.003720243928
 0.0603596421	 0.0603596421
 0.003691527634	 0.003691527634
 0.06048507417	 0.06048507417
 0.003691318072	 0.003691318072
 0.06055967228	 0.06055967228
 0.003680022893	 0.003680022893
 0.06061982914	 0.06061982914
 0.003663060787	 0.003663060787
 0.06066673058	 0.06066673058
 0.003649904389	 0.003649904389
 0.06061018579	 0.06061018579
 0.003630238864	 0.003630238864
 0.06048079008	 0.06048079008
 0.003610088027	 0.003610088027
 0.06038061459	 0.06038061459
 0.003609697552	 0.003609697552
 0.06033333869	 0.06033333869
 0.003595129474	 0.003595129474
 0.06026706123	 0.06026706123
 0.003588487186	 0.003588487186
 0.06022615865	 0.06022615865
 0.003555910066	 0.003555910066
 0.06018780289	 0.06018780289
 0.003541027878	 0.003541027878
 0.06004327217	 0.06004327217
 0.003560032676	 0.003560032676
 0.05976671801	 0.05976671801
 0.003556970375	 0.003556970375
 0.05931167998	 0.05931167998
 0.003560980731	 0.003560980731
 0.05872050281	 0.05872050281
 0.003561032136	 0.003561032136
 0.05806726076	 0.05806726076
 0.003565031596	 0.003565031596
 0.0572688535	 0.0572688535
 0.003559367918	 0.003559367918
 0.05631325618	 0.05631325618
 0.003557302002	 0.003557302002
 0.05527320702	 0.05527320702
 0.003554994829	 0.003554994829
 0.05422846523	 0.05422846523
 0.003547566292	 0.003547566292
 0.05318606716	 0.05318606716
 0.003526928214	 0.003526928214
 0.05221833925	 0.05221833925
 0.003525100253	 0.003525100253
 0.05133255261	 0.05133255261
 0.003513543017	 0.003513543017
 0.05046851665	 0.05046851665
 0.003491035154	 0.003491035154
 0.04964549702	 0.04964549702
 0.00347728215	 0.00347728215
 0.04882858116	 0.04882858116
 0.003414747522	 0.003414747522
 0.04812329785	 0.04812329785
 0.003445601809	 0.003445601809
 0.04742416557	 0.04742416557
 0.00348592405	 0.00348592405
 0.04673716935	 0.04673716935
 0.003493234745	 0.003493234745
 0.04609263803	 0.04609263803
 0.003506905748	 0.003506905748
 0.04549666151	 0.04549666151
 0.003530923525	 0.003530923525
 0.04497532335	 0.04497532335
 0.003471840433	 0.003471840433
 0.04454607767	 0.04454607767
 0.003500907729	 0.003500907729
 0.04423504056	 0.04423504056
 0.003528127077	 0.003528127077
 0.04399310401	 0.04399310401
 0.003548464708	 0.003548464708
 0.0438492357	 0.0438492357
 0.003578004192	 0.003578004192
 0.04383542913	 0.04383542913
 0.003623869069	 0.003623869069
 0.04384884856	 0.04384884856
 0.003608879235	 0.003608879235
 0.04394016307	 0.04394016307
 0.003602219905	 0.003602219905
 0.04413972759	 0.04413972759
 0.003595727092	 0.003595727092
 0.04439653819	 0.04439653819
 0.00360692912	 0.00360692912
 0.04469455859	 0.04469455859
 0.003606294296	 0.003606294296
 0.04509243035	 0.04509243035
 0.003687765839	 0.003687765839
 0.04551453634	 0.04551453634
 0.003689607286	 0.003689607286
 0.04600229628	 0.04600229628
 0.003736906799	 0.003736906799
 0.04646933001	 0.04646933001
 0.003742124886	 0.003742124886
 0.04688777922	 0.04688777922
 0.00375955269	 0.00375955269
 0.04724188559	 0.04724188559
 0.003755805275	 0.003755805275
 0.04756392939	 0.04756392939
 0.00373117385	 0.00373117385
 0.04781196483	 0.04781196483
 0.003695199199	 0.003695199199
 0.04797926083	 0.04797926083
 0.003712643243	 0.003712643243
 0.04821608254	 0.04821608254
 0.003679165073	 0.003679165073
 0.04857401579	 0.04857401579
 0.003675189709	 0.003675189709
 0.04891776151	 0.04891776151
 0.003653840363	 0.003653840363
 0.04925782765	 0.04925782765
 0.003658254506	 0.003658254506
 0.04959361455	 0.04959361455
 0.003663370109	 0.003663370109
 0.04993130161	 0.04993130161
 0.003646159534	 0.003646159534
 0.05027482704	 0.05027482704
 0.003662267614	 0.003662267614
 0.05067134087	 0.05067134087
 0.003654672964	 0.003654672964
 0.0510722667	 0.0510722667
 0.003641964183	 0.003641964183
 0.05152196274	 0.05152196274
 0.003614647728	 0.003614647728
 0.05193134542	 0.05193134542
 0.003607387937	 0.003607387937
 0.05228128196	 0.05228128196
 0.003596199145	 0.003596199145
 0.05258305459	 0.05258305459
 0.003598253296	 0.003598253296
 0.05280523489	 0.05280523489
 0.003601157862	 0.003601157862
 0.05294528233	 0.05294528233
 0.003588697543	 0.003588697543
 0.05307842447	 0.05307842447
 0.003586349474	 0.003586349474
 0.05320641717	 0.05320641717
 0.003590776241	 0.003590776241
 0.05337506368	 0.05337506368
 0.003607285041	 0.003607285041
 0.05354776837	 0.05354776837
 0.003589149557	 0.003589149557
 0.05367317139	 0.05367317139
 0.003566336326	 0.003566336326
 0.0537219372	 0.0537219372
 0.003567544244	 0.003567544244
 0.05362960134	 0.05362960134
 0.003552746279	 0.003552746279
 0.05344901805	 0.05344901805
 0.003507985611	 0.003507985611
 0.05318194306	 0.05318194306
 0.00344375709	 0.00344375709
 0.05281462261	 0.05281462261
 0.003440233754	 0.003440233754
 0.05230375556	 0.05230375556
 0.003440496615	 0.003440496615
 0.05173763817	 0.05173763817
 0.003451765503	 0.003451765503
 0.05129621327	 0.05129621327
 0.003478784462	 0.003478784462
 0.05092050766	 0.05092050766
 0.003479094924	 0.003479094924
 0.05058202204	 0.05058202204
 0.003488891685	 0.003488891685
 0.0503200224	 0.0503200224
 0.003498686553	 0.003498686553
 0.05019986905	 0.05019986905
 0.003313708697	 0.003313708697
 0.05016602656	 0.05016602656
 0.003300341357	 0.003300341357
 0.05024657783	 0.05024657783
 0.003285954156	 0.003285954156
 0.05049620367	 0.05049620367
 0.003259294928	 0.003259294928
 0.05083621791	 0.05083621791
 0.003241082559	 0.003241082559
 0.05125904295	 0.05125904295
 0.003223668483	 0.003223668483
 0.05182409806	 0.05182409806
 0.003226391197	 0.003226391197
 0.05242528742	 0.05242528742
 0.003224146688	 0.003224146688
 0.05305705342	 0.05305705342
 0.003238982252	 0.003238982252
 0.05365442935	 0.05365442935
 0.003394935476	 0.003394935476
 0.05421963388	 0.05421963388
 0.003417179057	 0.003417179057
 0.05481204896	 0.05481204896
 0.003425266063	 0.003425266063
 0.05538345013	 0.05538345013
 0.003419548579	 0.003419548579
 0.05593496988	 0.05593496988
 0.003417633569	 0.003417633569
 0.05642336869	 0.05642336869
 0.003419770238	 0.003419770238
 0.05688899852	 0.05688899852
 0.003405108251	 0.003405108251
 0.0573013044	 0.0573013044
 0.003397001212	 0.003397001212
 0.05766010063	 0.05766010063
 0.00340459525	 0.00340459525
 0.05795151159	 0.05795151159
 0.003402530798	 0.003402530798
 0.05810419853	 0.05810419853
 0.003418508986	 0.003418508986
 0.05813922369	 0.05813922369
 0.003420402755	 0.003420402755
 0.05809992972	 0.05809992972
 0.003427034456	 0.003427034456
 0.05806542967	 0.05806542967
 0.003425790785	 0.003425790785
 0.0580346674	 0.0580346674
 0.003425322688	 0.003425322688
 0.05801154092	 0.05801154092
 0.003438526809	 0.003438526809
 0.05803482605	 0.05803482605
 0.003462159879	 0.003462159879
 0.05825625929	 0.05825625929
 0.003499015466	 0.003499015466
 0.05852834577	 0.05852834577
 0.003533534512	 0.003533534512
 0.05897872734	 0.05897872734
 0.003560895014	 0.003560895014
 0.05967424714	 0.05967424714
 0.003592247319	 0.003592247319
 0.06052815026	 0.06052815026
 0.003637186728	 0.003637186728
 0.06150812525	 0.06150812525
 0.003681220435	 0.003681220435
 0.06243543426	 0.06243543426
 0.003694725596	 0.003694725596
 0.06348243058	 0.06348243058
 0.003719723122	 0.003719723122
 0.06451711079	 0.06451711079
 0.003729951673	 0.003729951673
 0.065456403	 0.065456403
 0.003729596051	 0.003729596051
 0.0662853078	 0.0662853078
 0.003724501965	 0.003724501965
 0.06690469282	 0.06690469282
 0.003738617779	 0.003738617779
 0.06744833949	 0.06744833949
 0.003725710795	 0.003725710795
 0.06790194375	 0.06790194375
 0.003706780372	 0.003706780372
 0.06827477763	 0.06827477763
 0.003678112298	 0.003678112298
 0.06867035431	 0.06867035431
 0.003637121882	 0.003637121882
 0.06901531674	 0.06901531674
 0.003594004863	 0.003594004863
 0.06935042012	 0.06935042012
 0.003599944149	 0.003599944149
 0.06977654517	 0.06977654517
 0.003638653163	 0.003638653163
 0.0701506435	 0.0701506435
 0.003680904556	 0.003680904556
 0.0703615704	 0.0703615704
 0.003693108206	 0.003693108206
 0.07026720072	 0.07026720072
 0.003693169704	 0.003693169704
 0.06971882244	 0.06971882244
 0.003687024596	 0.003687024596
 0.06898978293	 0.06898978293
 0.00364759982	 0.00364759982
 0.06815141713	 0.06815141713
 0.003636333784	 0.003636333784
 0.067309809	 0.067309809
 0.003626781356	 0.003626781356
 0.06635551522	 0.06635551522
 0.003644707088	 0.003644707088
 0.06539691569	 0.06539691569
 0.003645386117	 0.003645386117
 0.06439334476	 0.06439334476
 0.003628335847	 0.003628335847
 0.06340156363	 0.06340156363
 0.003621100013	 0.003621100013
 0.06251418094	 0.06251418094
 0.003625095015	 0.003625095015
 0.06166509247	 0.06166509247
 0.003636568098	 0.003636568098
 0.06074006164	 0.06074006164
 0.003620585607	 0.003620585607
 0.05968628707	 0.05968628707
 0.003571569016	 0.003571569016
 0.05858694813	 0.05858694813
 0.003524124213	 0.003524124213
 0.05743824317	 0.05743824317
 0.003506107433	 0.003506107433
 0.0562982783	 0.0562982783
 0.00346611	 0.00346611
 0.05516350181	 0.05516350181
 0.003426042976	 0.003426042976
 0.05403685633	 0.05403685633
 0.003380911819	 0.003380911819
 0.05297902189	 0.05297902189
 0.003342291206	 0.003342291206
 0.05205826484	 0.05205826484
 0.003299905311	 0.003299905311
 0.05126345247	 0.05126345247
 0.00327017272	 0.00327017272
 0.05062768499	 0.05062768499
 0.003241339618	 0.003241339618
 0.05009326473	 0.05009326473
 0.003233974073	 0.003233974073
 0.04970098352	 0.04970098352
 0.003230318711	 0.003230318711
 0.04939871837	 0.04939871837
 0.003227923185	 0.003227923185
 0.04910620303	 0.04910620303
 0.003238014122	 0.003238014122
 0.04887550375	 0.04887550375
 0.003221052931	 0.003221052931
 0.0487191533	 0.0487191533
 0.003227577736	 0.003227577736
 0.04856388004	 0.04856388004
 0.003240813165	 0.003240813165
 0.04839977193	 0.04839977193
 0.003238046048	 0.003238046048
 0.04822396123	 0.04822396123
 0.003249591379	 0.003249591379
 0.04805765863	 0.04805765863
 0.003268929905	 0.003268929905
 0.04793766732	 0.04793766732
 0.003276183659	 0.003276183659
 0.04789078997	 0.04789078997
 0.003288895778	 0.003288895778
 0.04789278376	 0.04789278376
 0.003317820988	 0.003317820988
 0.04795143324	 0.04795143324
 0.003344420876	 0.003344420876
 0.04797566466	 0.04797566466
 0.003358466661	 0.003358466661
 0.04796056062	 0.04796056062
 0.003397463193	 0.003397463193
 0.04792002946	 0.04792002946
 0.003420578379	 0.003420578379
 0.04784712991	 0.04784712991
 0.00342169762	 0.00342169762
 0.04775454716	 0.04775454716
 0.00342004762	 0.00342004762
 0.04765128484	 0.04765128484
 0.003437358564	 0.003437358564
 0.04757027071	 0.04757027071
 0.003461321045	 0.003461321045
 0.04745343033	 0.04745343033
 0.003445023263	 0.003445023263
 0.0472658796	 0.0472658796
 0.003463318346	 0.003463318346
 0.04704231419	 0.04704231419
 0.00346981649	 0.00346981649
 0.04684886836	 0.04684886836
 0.003492706543	 0.003492706543
 0.04666348622	 0.04666348622
 0.003479440443	 0.003479440443
 0.04644606281	 0.04644606281
 0.003458148103	 0.003458148103
 0.04620829168	 0.04620829168
 0.003444908612	 0.003444908612
 0.04600968174	 0.04600968174
 0.003445831738	 0.003445831738
 0.04579976389	 0.04579976389
 0.003450843242	 0.003450843242
 0.04564794736	 0.04564794736
 0.003476310161	 0.003476310161
 0.04551129389	 0.04551129389
 0.003410484672	 0.003410484672
 0.04539954859	 0.04539954859
 0.003451133574	 0.003451133574
 0.04529616196	 0.04529616196
 0.00349796853	 0.00349796853
 0.04527813948	 0.04527813948
 0.003520334349	 0.003520334349
 0.04527593782	 0.04527593782
 0.003545497863	 0.003545497863
 0.04534654107	 0.04534654107
 0.003562764753	 0.003562764753
 0.04538745109	 0.04538745109
 0.003571699971	 0.003571699971
 0.04546060529	 0.04546060529
 0.003561954408	 0.003561954408
 0.04558015371	 0.04558015371
 0.003556614463	 0.003556614463
 0.04569412928	 0.04569412928
 0.003555088548	 0.003555088548
 0.04578752342	 0.04578752342
 0.003540868659	 0.003540868659
 0.0458762925	 0.0458762925
 0.003530089286	 0.003530089286
 0.04593347981	 0.04593347981
 0.003538950228	 0.003538950228
 0.04599815887	 0.04599815887
 0.003543844123	 0.003543844123
 0.04602635592	 0.04602635592
 0.003531383875	 0.003531383875
 0.04610167889	 0.04610167889
 0.003531447405	 0.003531447405
 0.04620844766	 0.04620844766
 0.003527393635	 0.003527393635
 0.04630414519	 0.04630414519
 0.003524007732	 0.003524007732
 0.04638429152	 0.04638429152
 0.003621914364	 0.003621914364
 0.04642159862	 0.04642159862
 0.003596772706	 0.003596772706
 0.04650369934	 0.04650369934
 0.003559778121	 0.003559778121
 0.04659038389	 0.04659038389
 0.003532911506	 0.003532911506
 0.04673727685	 0.04673727685
 0.003526796968	 0.003526796968
 0.04691352123	 0.04691352123
 0.003512530222	 0.003512530222
 0.04708400756	 0.04708400756
 0.00352032846	 0.00352032846
 0.04722232243	 0.04722232243
 0.003538152894	 0.003538152894
 0.04730764365	 0.04730764365
 0.003531051149	 0.003531051149
 0.04735102621	 0.04735102621
 0.003527790791	 0.003527790791
 0.04736978236	 0.04736978236
 0.003528267696	 0.003528267696
 0.04738751349	 0.04738751349
 0.003522562981	 0.003522562981
 0.04747733224	 0.04747733224
 0.003513422578	 0.003513422578
 0.04756991286	 0.04756991286
 0.003494142692	 0.003494142692
 0.04758398736	 0.04758398736
 0.003473610431	 0.003473610431
 0.04754867223	 0.04754867223
 0.003426226516	 0.003426226516
 0.0475449721	 0.0475449721
 0.003386830649	 0.003386830649
 0.04753881634	 0.04753881634
 0.003345478923	 0.003345478923
 0.04751227258	 0.04751227258
 0.003289933254	 0.003289933254
 0.04742383582	 0.04742383582
 0.003261041335	 0.003261041335
 0.04732009053	 0.04732009053
 0.003249721821	 0.003249721821
 0.04715119246	 0.04715119246
 0.003249075979	 0.003249075979
 0.04690109251	 0.04690109251
 0.003229852063	 0.003229852063
 0.0466798221	 0.0466798221
 0.003223167574	 0.003223167574
 0.04650123004	 0.04650123004
 0.003217593339	 0.003217593339
 0.04645003593	 0.04645003593
 0.003236953864	 0.003236953864
 0.04662105331	 0.04662105331
 0.003263958548	 0.003263958548
 0.04698666106	 0.04698666106
 0.003250369153	 0.003250369153
 0.04741173959	 0.04741173959
 0.003261644652	 0.003261644652
 0.0479365115	 0.0479365115
 0.003173001986	 0.003173001986
 0.04853067596	 0.04853067596
 0.003300086117	 0.003300086117
 0.0491272626	 0.0491272626
 0.003321948457	 0.003321948457
 0.04971528172	 0.04971528172
 0.00333813944	 0.00333813944
 0.0503375124	 0.0503375124
 0.003350408667	 0.003350408667
 0.05096973917	 0.05096973917
 0.003377754083	 0.003377754083
 0.0516309777	 0.0516309777
 0.00337810483	 0.00337810483
 0.05233658345	 0.05233658345
 0.003386799165	 0.003386799165
 0.05303831451	 0.05303831451
 0.003407881246	 0.003407881246
 0.05378670078	 0.05378670078
 0.003416473898	 0.003416473898
 0.05455043719	 0.05455043719
 0.003422600397	 0.003422600397
 0.05523746596	 0.05523746596
 0.003445815839	 0.003445815839
 0.05589269343	 0.05589269343
 0.003466432636	 0.003466432636
 0.05651480799	 0.05651480799
 0.003483434922	 0.003483434922
 0.05706496022	 0.05706496022
 0.003503495375	 0.003503495375
 0.0574598156	 0.0574598156
 0.003516543054	 0.003516543054
 0.05769899057	 0.05769899057
 0.003545549362	 0.003545549362
 0.05784145093	 0.05784145093
 0.003581634994	 0.003581634994
 0.0578650303	 0.0578650303
 0.00362096794	 0.00362096794
 0.05787796617	 0.05787796617
 0.003657823855	 0.003657823855
 0.05781292174	 0.05781292174
 0.003671331823	 0.003671331823
 0.05778886181	 0.05778886181
 0.003673830513	 0.003673830513
